3.0
1.9196341526104412
16 0.111192
17 0.0934
18 0.079248
19 0.068048
20 0.059508
21 0.050804
22 0.044964
23 0.039412
24 0.034584
25 0.030644
26 0.027704
27 0.025052
28 0.022332
29 0.020572
30 0.018544
31 0.01652
32 0.01486
33 0.013432
34 0.012856
35 0.011824
36 0.010964
37 0.010004
38 0.009136
39 0.008548
40 0.007704
41 0.007284
42 0.007096
43 0.006404
44 0.005932
45 0.005788
46 0.0052
47 0.004904
48 0.0044
49 0.00434
50 0.004124
51 0.003884
52 0.003692
53 0.00348
54 0.0033
55 0.003096
56 0.002828
57 0.002884
58 0.002536
59 0.00262
60 0.002276
61 0.00218
62 0.002156
63 0.002204
64 0.00188
65 0.001924
66 0.001712
67 0.001848
68 0.001612
69 0.001624
70 0.001512
71 0.001316
72 0.001528
73 0.001368
74 0.001292
75 0.00128
76 0.001228
77 0.001092
78 0.001204
79 9.92E-4
80 0.001004
81 9.64E-4
82 8.56E-4
83 9.44E-4
84 8.12E-4
85 8.72E-4
86 8.72E-4
87 8.08E-4
88 7.4E-4
89 7.16E-4
90 7.52E-4
91 7.28E-4
92 6.24E-4
93 6.08E-4
94 6.52E-4
95 6.08E-4
96 6.08E-4
97 6.64E-4
98 4.96E-4
99 5.2E-4
100 4.52E-4
101 4.84E-4
102 4.36E-4
103 4.96E-4
104 5.16E-4
105 5.48E-4
106 5.24E-4
107 4.04E-4
108 4.28E-4
109 3.56E-4
110 3.44E-4
111 4.12E-4
112 4.12E-4
113 3.84E-4
114 4.12E-4
115 3.24E-4
116 3.96E-4
117 3.28E-4
118 3.32E-4
119 3.24E-4
120 3.44E-4
121 2.48E-4
122 3.04E-4
123 3.36E-4
124 2.32E-4
125 2.48E-4
126 3.08E-4
127 2.24E-4
128 3.08E-4
129 2.6E-4
130 2.44E-4
131 2.0E-4
132 1.92E-4
133 2.76E-4
134 2.84E-4
135 2.16E-4
136 2.24E-4
137 1.36E-4
138 1.96E-4
139 2.28E-4
140 2.4E-4
141 2.08E-4
142 1.76E-4
143 1.68E-4
144 1.96E-4
145 1.56E-4
146 1.48E-4
147 1.2E-4
148 1.4E-4
149 1.68E-4
150 2.04E-4
151 1.44E-4
152 1.32E-4
153 1.56E-4
154 1.32E-4
155 1.48E-4
156 1.24E-4
157 1.36E-4
158 1.2E-4
159 1.36E-4
160 1.92E-4
161 1.08E-4
162 1.4E-4
163 1.12E-4
164 1.08E-4
165 8.8E-5
166 1.4E-4
167 1.12E-4
168 1.16E-4
169 1.76E-4
170 1.0E-4
171 1.12E-4
172 1.12E-4
173 1.24E-4
174 1.0E-4
175 7.6E-5
176 8.4E-5
177 7.6E-5
178 6.0E-5
179 9.2E-5
180 1.0E-4
181 8.8E-5
182 1.2E-4
183 1.2E-4
184 6.8E-5
185 1.28E-4
186 1.0E-4
187 6.8E-5
188 1.04E-4
189 7.6E-5
190 7.6E-5
191 6.8E-5
192 1.12E-4
193 8.0E-5
194 8.4E-5
195 6.8E-5
196 6.8E-5
197 3.2E-5
198 6.0E-5
199 5.2E-5
200 6.4E-5
201 5.6E-5
202 8.0E-5
203 4.4E-5
204 6.4E-5
205 4.4E-5
206 4.0E-5
207 5.2E-5
208 6.4E-5
209 5.6E-5
210 5.6E-5
211 6.4E-5
212 6.4E-5
213 3.2E-5
214 3.6E-5
215 6.4E-5
216 3.2E-5
217 4.0E-5
218 4.0E-5
219 6.0E-5
220 3.2E-5
221 5.2E-5
222 4.0E-5
223 2.8E-5
224 2.0E-5
225 2.8E-5
226 1.6E-5
227 2.8E-5
228 3.2E-5
229 2.8E-5
230 3.2E-5
231 4.4E-5
232 2.4E-5
233 6.0E-5
234 1.6E-5
235 4.4E-5
236 3.2E-5
237 5.6E-5
238 2.0E-5
239 2.8E-5
240 3.6E-5
241 5.2E-5
242 2.4E-5
243 2.4E-5
244 3.2E-5
245 2.4E-5
246 2.4E-5
247 2.8E-5
248 2.8E-5
249 1.6E-5
250 2.4E-5
251 2.0E-5
252 2.4E-5
253 1.6E-5
254 1.6E-5
255 3.2E-5
256 2.4E-5
257 2.4E-5
258 8.0E-6
259 1.2E-5
260 3.6E-5
261 1.2E-5
262 1.2E-5
263 1.2E-5
264 4.0E-6
265 2.0E-5
266 3.2E-5
267 1.6E-5
268 2.4E-5
269 1.6E-5
270 2.8E-5
271 1.2E-5
272 1.6E-5
273 2.0E-5
274 2.0E-5
275 4.0E-6
276 8.0E-6
277 1.6E-5
278 4.0E-6
281 8.0E-6
282 2.4E-5
283 8.0E-6
284 1.2E-5
285 2.0E-5
286 2.4E-5
287 1.6E-5
288 8.0E-6
289 2.4E-5
290 2.0E-5
291 8.0E-6
292 8.0E-6
293 4.0E-6
295 8.0E-6
297 8.0E-6
298 1.2E-5
299 8.0E-6
300 8.0E-6
301 4.0E-6
302 1.2E-5
303 2.0E-5
304 1.6E-5
305 4.0E-6
306 4.0E-6
309 4.0E-6
310 1.2E-5
313 4.0E-6
314 8.0E-6
315 4.0E-6
316 1.2E-5
318 4.0E-6
320 4.0E-6
322 4.0E-6
324 1.2E-5
325 8.0E-6
326 4.0E-6
328 4.0E-6
336 4.0E-6
339 4.0E-6
343 4.0E-6
346 4.0E-6
347 4.0E-6
349 4.0E-6
352 4.0E-6
353 4.0E-6
357 4.0E-6
359 4.0E-6
365 4.0E-6
366 4.0E-6
367 4.0E-6
371 8.0E-6
372 4.0E-6
373 4.0E-6
375 4.0E-6
376 4.0E-6
377 4.0E-6
380 4.0E-6
381 8.0E-6
384 8.0E-6
385 4.0E-6
386 8.0E-6
387 8.0E-6
388 1.2E-5
389 4.0E-6
393 1.6E-5
396 1.2E-5
397 8.0E-6
398 1.2E-5
399 4.0E-6
400 4.0E-6
401 4.0E-6
402 4.0E-6
403 1.6E-5
406 1.2E-5
409 1.6E-5
410 1.2E-5
411 1.2E-5
412 1.6E-5
413 1.2E-5
414 8.0E-6
415 2.0E-5
416 2.0E-5
417 4.0E-6
418 1.2E-5
419 1.2E-5
420 8.0E-6
421 8.0E-6
422 1.6E-5
423 8.0E-6
424 1.6E-5
425 4.0E-6
426 4.0E-6
427 1.6E-5
428 1.2E-5
429 2.0E-5
430 1.2E-5
431 2.8E-5
432 4.0E-6
433 1.2E-5
434 2.0E-5
435 8.0E-6
436 1.2E-5
437 2.8E-5
438 4.0E-6
439 1.2E-5
440 1.2E-5
441 4.0E-6
442 1.2E-5
443 2.4E-5
444 1.6E-5
445 8.0E-6
446 3.2E-5
447 8.0E-6
448 8.0E-6
449 2.0E-5
450 8.0E-6
451 1.6E-5
452 2.0E-5
453 2.4E-5
454 2.4E-5
455 2.4E-5
456 2.8E-5
457 2.4E-5
458 1.6E-5
459 4.0E-5
460 2.8E-5
461 1.2E-5
462 2.4E-5
463 8.0E-6
464 1.2E-5
465 2.8E-5
466 3.6E-5
467 2.8E-5
468 1.2E-5
469 1.6E-5
470 3.2E-5
471 3.6E-5
472 5.6E-5
473 2.4E-5
474 8.0E-6
475 1.6E-5
476 2.4E-5
477 2.8E-5
478 4.0E-5
479 3.2E-5
480 1.2E-5
481 2.8E-5
482 4.4E-5
483 2.8E-5
484 3.6E-5
485 2.0E-5
486 4.0E-5
487 2.4E-5
488 2.0E-5
489 2.4E-5
490 2.0E-5
491 2.0E-5
492 4.4E-5
493 1.6E-5
494 1.6E-5
495 2.4E-5
496 4.0E-5
497 1.2E-5
498 3.6E-5
499 1.2E-5
500 2.0E-5
501 4.0E-5
502 1.6E-5
503 2.8E-5
504 4.8E-5
505 2.8E-5
506 3.2E-5
507 2.8E-5
508 2.8E-5
509 2.8E-5
510 8.0E-6
511 1.6E-5
512 1.6E-5
513 3.2E-5
514 2.0E-5
515 2.4E-5
516 1.6E-5
517 2.4E-5
518 2.8E-5
519 2.8E-5
520 4.0E-5
521 2.8E-5
522 2.8E-5
523 2.8E-5
524 2.0E-5
525 2.8E-5
526 3.2E-5
527 2.4E-5
528 3.2E-5
529 2.8E-5
530 2.4E-5
531 1.2E-5
532 2.0E-5
533 8.0E-6
534 3.2E-5
535 2.4E-5
536 2.0E-5
537 2.8E-5
538 8.0E-6
539 1.6E-5
540 3.2E-5
541 1.6E-5
542 1.6E-5
543 2.4E-5
544 2.8E-5
545 1.6E-5
546 8.0E-6
547 2.0E-5
548 1.6E-5
549 2.0E-5
550 2.0E-5
551 1.6E-5
552 4.0E-5
553 1.2E-5
554 1.2E-5
555 3.6E-5
556 1.6E-5
557 2.0E-5
558 4.0E-6
559 1.2E-5
560 2.4E-5
561 1.6E-5
562 2.4E-5
563 1.2E-5
564 4.0E-6
565 1.6E-5
566 4.0E-6
567 1.2E-5
568 1.2E-5
569 1.2E-5
570 1.2E-5
571 8.0E-6
572 1.2E-5
573 8.0E-6
574 2.0E-5
575 2.4E-5
576 2.4E-5
577 1.2E-5
578 8.0E-6
579 1.2E-5
580 8.0E-6
581 1.6E-5
582 1.2E-5
583 1.6E-5
584 4.0E-6
585 8.0E-6
586 8.0E-6
587 1.2E-5
588 8.0E-6
590 1.6E-5
591 4.0E-6
592 1.2E-5
593 8.0E-6
594 1.2E-5
595 1.2E-5
596 1.2E-5
598 8.0E-6
599 4.0E-6
600 4.0E-6
601 8.0E-6
603 4.0E-6
605 8.0E-6
606 4.0E-6
607 8.0E-6
608 1.2E-5
609 4.0E-6
610 4.0E-6
611 8.0E-6
612 1.6E-5
613 4.0E-6
618 8.0E-6
619 1.2E-5
620 4.0E-6
621 8.0E-6
622 4.0E-6
627 8.0E-6
633 4.0E-6
636 4.0E-6
639 4.0E-6
640 4.0E-6
644 4.0E-6
646 4.0E-6
650 4.0E-6
654 4.0E-6
660 4.0E-6
662 4.0E-6
664 4.0E-6
665 4.0E-6
707 4.0E-6
709 4.0E-6