3.434
2.21997937343359
10 0.166275
11 0.1281425
12 0.1006
13 0.08081
14 0.0652075
15 0.054295
16 0.04501
17 0.037985
18 0.0317975
19 0.0277175
20 0.02378
21 0.0204375
22 0.0179275
23 0.01599
24 0.01406
25 0.01289
26 0.0112825
27 0.0100175
28 0.0089775
29 0.00848
30 0.0073575
31 0.0068375
32 0.006095
33 0.005535
34 0.0053075
35 0.004665
36 0.004285
37 0.0041575
38 0.003505
39 0.0035025
40 0.00314
41 0.00304
42 0.00277
43 0.0026
44 0.002265
45 0.00222
46 0.0022075
47 0.00194
48 0.0018075
49 0.0017725
50 0.0016125
51 0.0014125
52 0.0014125
53 0.0014125
54 0.001445
55 0.001255
56 0.001195
57 0.001035
58 0.001075
59 0.001025
60 9.9E-4
61 9.375E-4
62 8.85E-4
63 8.325E-4
64 7.775E-4
65 7.625E-4
66 6.95E-4
67 8.025E-4
68 6.55E-4
69 6.425E-4
70 6.175E-4
71 6.275E-4
72 5.85E-4
73 5.525E-4
74 5.55E-4
75 4.925E-4
76 5.025E-4
77 4.525E-4
78 4.6E-4
79 4.625E-4
80 4.425E-4
81 4.175E-4
82 3.7E-4
83 3.6E-4
84 3.5E-4
85 3.55E-4
86 3.85E-4
87 3.95E-4
88 3.25E-4
89 3.0E-4
90 2.625E-4
91 3.025E-4
92 2.325E-4
93 2.7E-4
94 2.475E-4
95 2.4E-4
96 2.55E-4
97 2.0E-4
98 2.4E-4
99 2.275E-4
100 1.95E-4
101 1.775E-4
102 1.825E-4
103 2.375E-4
104 1.85E-4
105 1.475E-4
106 1.775E-4
107 1.675E-4
108 1.525E-4
109 2.15E-4
110 1.475E-4
111 1.6E-4
112 1.7E-4
113 1.175E-4
114 1.325E-4
115 1.475E-4
116 1.375E-4
117 1.325E-4
118 1.275E-4
119 1.425E-4
120 1.025E-4
121 1.225E-4
122 1.0E-4
123 1.225E-4
124 1.175E-4
125 1.25E-4
126 1.075E-4
127 1.025E-4
128 9.5E-5
129 8.0E-5
130 1.0E-4
131 1.05E-4
132 8.5E-5
133 1.05E-4
134 1.05E-4
135 6.75E-5
136 7.75E-5
137 9.25E-5
138 5.75E-5
139 8.0E-5
140 7.5E-5
141 8.25E-5
142 9.0E-5
143 8.25E-5
144 7.25E-5
145 6.5E-5
146 6.75E-5
147 8.0E-5
148 6.75E-5
149 8.25E-5
150 6.75E-5
151 4.5E-5
152 7.25E-5
153 3.75E-5
154 6.75E-5
155 3.25E-5
156 3.5E-5
157 3.75E-5
158 3.0E-5
159 3.75E-5
160 6.75E-5
161 5.0E-5
162 5.25E-5
163 5.25E-5
164 5.0E-5
165 4.0E-5
166 5.0E-5
167 3.25E-5
168 2.25E-5
169 3.25E-5
170 2.75E-5
171 2.25E-5
172 4.75E-5
173 4.0E-5
174 3.75E-5
175 3.25E-5
176 3.25E-5
177 3.5E-5
178 3.25E-5
179 2.75E-5
180 3.5E-5
181 2.75E-5
182 4.25E-5
183 3.25E-5
184 2.5E-5
185 1.75E-5
186 4.5E-5
187 2.25E-5
188 2.0E-5
189 2.25E-5
190 2.5E-5
191 2.25E-5
192 3.25E-5
193 3.75E-5
194 2.25E-5
195 2.25E-5
196 1.0E-5
197 2.25E-5
198 2.25E-5
199 1.25E-5
200 1.25E-5
201 2.25E-5
202 2.25E-5
203 1.5E-5
204 2.25E-5
205 2.5E-5
206 2.25E-5
207 1.5E-5
208 2.0E-5
209 2.25E-5
210 1.75E-5
211 1.75E-5
212 1.25E-5
213 1.0E-5
214 1.0E-5
215 1.25E-5
216 2.25E-5
217 1.75E-5
218 2.25E-5
219 2.0E-5
220 1.5E-5
221 5.0E-6
222 1.25E-5
223 5.0E-6
224 5.0E-6
225 1.0E-5
226 2.5E-6
227 1.0E-5
228 1.0E-5
229 2.0E-5
230 1.25E-5
231 7.5E-6
232 2.5E-6
233 1.25E-5
234 1.75E-5
235 7.5E-6
236 1.75E-5
237 1.5E-5
238 5.0E-6
239 1.25E-5
240 7.5E-6
241 7.5E-6
242 2.5E-6
243 5.0E-6
244 2.5E-6
245 5.0E-6
246 5.0E-6
247 1.0E-5
248 2.5E-6
249 7.5E-6
252 5.0E-6
253 5.0E-6
254 5.0E-6
255 5.0E-6
256 1.0E-5
257 7.5E-6
260 2.5E-6
262 2.5E-6
263 2.5E-6
264 7.5E-6
265 2.5E-6
266 5.0E-6
267 2.5E-6
268 2.5E-6
269 2.5E-6
271 7.5E-6
272 2.5E-6
273 5.0E-6
274 7.5E-6
275 2.5E-6
276 5.0E-6
277 7.5E-6
278 5.0E-6
279 7.5E-6
280 5.0E-6
281 7.5E-6
282 2.5E-6
284 7.5E-6
286 2.5E-6
287 2.5E-6
288 7.5E-6
290 2.5E-6
291 2.5E-6
292 5.0E-6
293 1.0E-5
294 5.0E-6
295 7.5E-6
296 2.5E-6
297 5.0E-6
298 2.5E-6
299 1.5E-5
300 5.0E-6
301 7.5E-6
302 5.0E-6
303 2.5E-6
304 2.5E-6
305 7.5E-6
306 1.0E-5
307 1.0E-5
308 2.5E-6
309 1.25E-5
310 1.0E-5
311 7.5E-6
312 2.5E-6
313 2.5E-6
314 2.5E-6
315 7.5E-6
316 7.5E-6
317 1.5E-5
318 1.25E-5
319 7.5E-6
320 1.5E-5
321 7.5E-6
322 2.5E-6
323 1.75E-5
324 1.0E-5
325 1.75E-5
326 1.25E-5
327 5.0E-6
328 7.5E-6
329 7.5E-6
330 2.5E-6
331 1.0E-5
332 1.25E-5
333 7.5E-6
334 1.5E-5
335 1.25E-5
336 1.25E-5
337 1.25E-5
338 1.0E-5
339 7.5E-6
340 2.0E-5
341 2.5E-5
342 2.0E-5
343 1.75E-5
344 1.0E-5
345 2.0E-5
346 2.0E-5
347 1.5E-5
348 7.5E-6
349 7.5E-6
350 1.5E-5
351 1.0E-5
352 1.25E-5
353 1.5E-5
354 1.5E-5
355 2.0E-5
356 1.25E-5
357 1.5E-5
358 1.75E-5
359 1.5E-5
360 1.75E-5
361 1.5E-5
362 1.75E-5
363 1.75E-5
364 1.5E-5
365 7.5E-6
366 2.0E-5
367 1.5E-5
368 1.25E-5
369 1.75E-5
370 7.5E-6
371 2.25E-5
372 5.0E-6
373 7.5E-6
374 1.5E-5
375 1.0E-5
376 1.5E-5
377 2.25E-5
378 1.5E-5
379 1.25E-5
380 1.5E-5
381 1.75E-5
382 1.5E-5
383 2.25E-5
384 2.0E-5
385 1.25E-5
386 7.5E-6
387 1.25E-5
388 5.0E-6
389 1.25E-5
390 1.5E-5
391 1.75E-5
392 2.25E-5
393 2.25E-5
394 1.5E-5
395 1.25E-5
396 2.0E-5
397 2.25E-5
398 2.25E-5
399 1.75E-5
400 1.25E-5
401 1.5E-5
402 1.5E-5
403 1.5E-5
404 2.0E-5
405 7.5E-6
406 2.0E-5
407 2.5E-5
408 1.75E-5
409 2.25E-5
410 1.25E-5
411 2.0E-5
412 1.0E-5
413 1.25E-5
414 2.25E-5
415 1.5E-5
416 2.5E-5
417 1.25E-5
418 2.0E-5
419 1.5E-5
420 7.5E-6
421 1.75E-5
422 1.0E-5
423 7.5E-6
424 2.5E-6
425 1.5E-5
426 1.0E-5
427 1.25E-5
428 2.0E-5
429 1.25E-5
430 2.0E-5
431 5.0E-6
432 2.0E-5
433 3.25E-5
434 1.0E-5
435 7.5E-6
436 7.5E-6
437 2.0E-5
438 7.5E-6
439 5.0E-6
440 1.5E-5
441 2.0E-5
442 7.5E-6
443 1.0E-5
445 2.75E-5
446 1.0E-5
447 1.5E-5
448 1.25E-5
449 1.25E-5
450 1.0E-5
451 1.0E-5
452 1.5E-5
453 1.25E-5
454 5.0E-6
455 2.5E-6
456 1.0E-5
457 5.0E-6
459 1.0E-5
460 2.5E-6
461 5.0E-6
462 2.5E-6
463 1.0E-5
464 2.5E-6
465 1.0E-5
466 1.25E-5
467 1.0E-5
468 7.5E-6
469 2.5E-6
470 7.5E-6
471 5.0E-6
472 7.5E-6
473 2.5E-6
474 1.25E-5
475 1.0E-5
476 5.0E-6
477 1.0E-5
478 5.0E-6
479 2.5E-6
480 2.5E-6
481 1.0E-5
482 5.0E-6
484 7.5E-6
485 1.25E-5
486 2.5E-6
487 2.5E-6
488 2.5E-6
489 2.5E-6
490 7.5E-6
491 5.0E-6
492 5.0E-6
493 2.5E-6
494 7.5E-6
495 2.5E-6
496 5.0E-6
497 5.0E-6
498 7.5E-6
499 5.0E-6
500 2.5E-6
502 7.5E-6
503 2.5E-6
506 2.5E-6
509 2.5E-6
511 7.5E-6
515 5.0E-6
516 5.0E-6
519 5.0E-6
525 2.5E-6
527 2.5E-6
529 2.5E-6
530 2.5E-6
531 2.5E-6
532 2.5E-6
533 2.5E-6
534 2.5E-6
537 5.0E-6
538 5.0E-6
544 2.5E-6
548 2.5E-6
551 2.5E-6
552 5.0E-6
554 2.5E-6
564 2.5E-6
577 2.5E-6
583 2.5E-6
586 2.5E-6
591 2.5E-6