3.0
2.0223811497948283
13 0.13325
14 0.10863961038961038
15 0.08871753246753247
16 0.07523701298701299
17 0.06278571428571429
18 0.05258116883116883
19 0.04544155844155844
20 0.03940584415584415
21 0.03392207792207792
22 0.029847402597402598
23 0.026590909090909092
24 0.023324675324675324
25 0.020467532467532468
26 0.018762987012987013
27 0.016707792207792206
28 0.014737012987012988
29 0.013691558441558442
30 0.01199025974025974
31 0.01125974025974026
32 0.010032467532467532
33 0.008896103896103897
34 0.008623376623376623
35 0.007853896103896104
36 0.007175324675324675
37 0.0064188311688311685
38 0.0062012987012987015
39 0.005977272727272727
40 0.005324675324675325
41 0.005097402597402597
42 0.004415584415584416
43 0.004288961038961039
44 0.00400974025974026
45 0.0037045454545454547
46 0.003633116883116883
47 0.0033084415584415583
48 0.0032142857142857142
49 0.0027792207792207793
50 0.002909090909090909
51 0.0026233766233766235
52 0.0025746753246753246
53 0.0023214285714285715
54 0.0022564935064935065
55 0.0021850649350649352
56 0.002
57 0.001983766233766234
58 0.0016688311688311688
59 0.0017532467532467534
60 0.001577922077922078
61 0.0013896103896103896
62 0.0014772727272727272
63 0.001262987012987013
64 0.001275974025974026
65 0.0013506493506493507
66 0.0012662337662337662
67 0.001142857142857143
68 0.0011136363636363637
69 0.0010681818181818182
70 0.0010714285714285715
71 0.0010487012987012987
72 8.733766233766234E-4
73 9.188311688311688E-4
74 8.051948051948052E-4
75 7.694805194805195E-4
76 7.402597402597403E-4
77 7.532467532467532E-4
78 7.272727272727272E-4
79 6.883116883116883E-4
80 6.98051948051948E-4
81 6.136363636363636E-4
82 6.298701298701299E-4
83 5.714285714285715E-4
84 5.714285714285715E-4
85 5.032467532467532E-4
86 5.292207792207792E-4
87 5.811688311688312E-4
88 4.155844155844156E-4
89 4.967532467532468E-4
90 5.0E-4
91 3.733766233766234E-4
92 4.902597402597403E-4
93 4.4155844155844155E-4
94 4.935064935064935E-4
95 3.928571428571429E-4
96 3.896103896103896E-4
97 4.350649350649351E-4
98 3.214285714285714E-4
99 3.603896103896104E-4
100 3.3766233766233767E-4
101 3.474025974025974E-4
102 3.1493506493506494E-4
103 3.8636363636363635E-4
104 2.662337662337662E-4
105 3.3116883116883115E-4
106 2.662337662337662E-4
107 3.2792207792207794E-4
108 3.3766233766233767E-4
109 2.5324675324675327E-4
110 3.214285714285714E-4
111 2.75974025974026E-4
112 2.2077922077922077E-4
113 2.3376623376623377E-4
114 2.012987012987013E-4
115 2.012987012987013E-4
116 1.948051948051948E-4
117 1.948051948051948E-4
118 2.1428571428571427E-4
119 1.9155844155844157E-4
120 2.5974025974025974E-4
121 2.012987012987013E-4
122 1.948051948051948E-4
123 1.9155844155844157E-4
124 1.9155844155844157E-4
125 1.6883116883116884E-4
126 1.6883116883116884E-4
127 1.5584415584415584E-4
128 1.9805194805194804E-4
129 1.4935064935064934E-4
130 1.6558441558441557E-4
131 1.396103896103896E-4
132 1.5584415584415584E-4
133 1.6233766233766234E-4
134 1.331168831168831E-4
135 1.396103896103896E-4
136 1.6233766233766234E-4
137 1.8506493506493507E-4
138 1.1363636363636364E-4
139 1.1688311688311689E-4
140 1.396103896103896E-4
141 1.1038961038961039E-4
142 1.4285714285714287E-4
143 1.4285714285714287E-4
144 1.2337662337662337E-4
145 7.467532467532467E-5
146 9.415584415584415E-5
147 1.038961038961039E-4
148 1.2987012987012987E-4
149 7.792207792207792E-5
150 1.038961038961039E-4
151 1.1038961038961039E-4
152 9.415584415584415E-5
153 1.1038961038961039E-4
154 7.467532467532467E-5
155 6.818181818181818E-5
156 9.74025974025974E-5
157 7.792207792207792E-5
158 9.415584415584415E-5
159 1.0714285714285714E-4
160 9.415584415584415E-5
161 8.766233766233767E-5
162 7.467532467532467E-5
163 9.09090909090909E-5
164 8.441558441558442E-5
165 7.792207792207792E-5
166 6.493506493506494E-5
167 1.0064935064935065E-4
168 6.168831168831169E-5
169 1.0714285714285714E-4
170 1.0064935064935065E-4
171 5.194805194805195E-5
172 5.5194805194805193E-5
173 7.142857142857143E-5
174 8.766233766233767E-5
175 6.493506493506494E-5
176 4.545454545454545E-5
177 7.142857142857143E-5
178 4.87012987012987E-5
179 6.818181818181818E-5
180 5.5194805194805193E-5
181 6.493506493506494E-5
182 4.545454545454545E-5
183 6.493506493506494E-5
184 6.818181818181818E-5
185 4.87012987012987E-5
186 5.844155844155844E-5
187 5.194805194805195E-5
188 4.545454545454545E-5
189 6.168831168831169E-5
190 4.545454545454545E-5
191 6.168831168831169E-5
192 5.194805194805195E-5
193 4.87012987012987E-5
194 3.571428571428572E-5
195 6.493506493506494E-5
196 4.220779220779221E-5
197 3.896103896103896E-5
198 3.571428571428572E-5
199 2.922077922077922E-5
200 4.545454545454545E-5
201 5.844155844155844E-5
202 3.896103896103896E-5
203 3.896103896103896E-5
204 2.2727272727272726E-5
205 3.246753246753247E-5
206 3.246753246753247E-5
207 3.571428571428572E-5
208 4.220779220779221E-5
209 2.922077922077922E-5
210 3.571428571428572E-5
211 3.896103896103896E-5
212 3.246753246753247E-5
213 4.220779220779221E-5
214 2.922077922077922E-5
215 2.2727272727272726E-5
216 6.493506493506494E-6
217 2.2727272727272726E-5
218 2.2727272727272726E-5
219 3.896103896103896E-5
220 2.2727272727272726E-5
221 1.2987012987012988E-5
222 3.246753246753247E-5
223 2.5974025974025975E-5
224 2.922077922077922E-5
225 2.2727272727272726E-5
226 4.87012987012987E-5
227 1.2987012987012988E-5
228 6.493506493506494E-6
229 2.5974025974025975E-5
230 9.74025974025974E-6
231 1.2987012987012988E-5
232 2.922077922077922E-5
233 9.74025974025974E-6
234 6.493506493506494E-6
235 3.246753246753247E-6
236 1.2987012987012988E-5
237 1.6233766233766234E-5
238 1.2987012987012988E-5
239 1.6233766233766234E-5
240 2.2727272727272726E-5
241 1.2987012987012988E-5
242 4.220779220779221E-5
243 1.2987012987012988E-5
244 2.2727272727272726E-5
245 9.74025974025974E-6
246 1.2987012987012988E-5
247 1.948051948051948E-5
248 1.948051948051948E-5
249 1.2987012987012988E-5
250 3.246753246753247E-6
251 6.493506493506494E-6
252 1.6233766233766234E-5
253 1.2987012987012988E-5
254 1.6233766233766234E-5
255 6.493506493506494E-6
256 9.74025974025974E-6
257 1.948051948051948E-5
258 1.6233766233766234E-5
259 1.2987012987012988E-5
260 9.74025974025974E-6
261 9.74025974025974E-6
262 9.74025974025974E-6
263 9.74025974025974E-6
264 6.493506493506494E-6
265 1.6233766233766234E-5
266 1.2987012987012988E-5
267 6.493506493506494E-6
268 3.246753246753247E-6
269 9.74025974025974E-6
270 6.493506493506494E-6
271 1.2987012987012988E-5
272 3.246753246753247E-6
273 9.74025974025974E-6
274 9.74025974025974E-6
275 3.246753246753247E-6
276 3.246753246753247E-6
277 3.246753246753247E-6
278 6.493506493506494E-6
279 6.493506493506494E-6
280 1.2987012987012988E-5
283 1.2987012987012988E-5
284 3.246753246753247E-6
285 3.246753246753247E-6
286 3.246753246753247E-6
287 6.493506493506494E-6
288 6.493506493506494E-6
290 1.2987012987012988E-5
291 6.493506493506494E-6
292 3.246753246753247E-6
293 3.246753246753247E-6
294 3.246753246753247E-6
296 9.74025974025974E-6
297 3.246753246753247E-6
298 3.246753246753247E-6
300 9.74025974025974E-6
301 6.493506493506494E-6
306 3.246753246753247E-6
307 3.246753246753247E-6
308 9.74025974025974E-6
309 6.493506493506494E-6
310 9.74025974025974E-6
311 3.246753246753247E-6
312 3.246753246753247E-6
313 9.74025974025974E-6
314 3.246753246753247E-6
316 3.246753246753247E-6
318 3.246753246753247E-6
319 3.246753246753247E-6
321 6.493506493506494E-6
325 6.493506493506494E-6
326 3.246753246753247E-6
327 3.246753246753247E-6
328 3.246753246753247E-6
329 3.246753246753247E-6
331 9.74025974025974E-6
333 3.246753246753247E-6
335 6.493506493506494E-6
336 3.246753246753247E-6
341 1.6233766233766234E-5
342 6.493506493506494E-6
343 3.246753246753247E-6
344 3.246753246753247E-6
345 3.246753246753247E-6
346 9.74025974025974E-6
347 1.2987012987012988E-5
348 3.246753246753247E-6
349 3.246753246753247E-6
353 3.246753246753247E-6
354 3.246753246753247E-6
355 3.246753246753247E-6
356 1.2987012987012988E-5
357 1.6233766233766234E-5
358 9.74025974025974E-6
359 1.2987012987012988E-5
360 3.246753246753247E-6
361 1.2987012987012988E-5
362 9.74025974025974E-6
363 9.74025974025974E-6
364 9.74025974025974E-6
365 2.5974025974025975E-5
366 3.246753246753247E-6
367 1.6233766233766234E-5
368 1.2987012987012988E-5
369 1.2987012987012988E-5
370 3.246753246753247E-6
371 9.74025974025974E-6
372 6.493506493506494E-6
373 1.2987012987012988E-5
374 9.74025974025974E-6
375 6.493506493506494E-6
376 9.74025974025974E-6
377 1.6233766233766234E-5
378 6.493506493506494E-6
379 6.493506493506494E-6
380 1.6233766233766234E-5
381 1.948051948051948E-5
382 2.5974025974025975E-5
383 1.948051948051948E-5
384 1.948051948051948E-5
385 3.246753246753247E-5
386 6.493506493506494E-6
387 6.493506493506494E-6
388 1.2987012987012988E-5
389 1.2987012987012988E-5
390 1.2987012987012988E-5
391 1.948051948051948E-5
392 1.2987012987012988E-5
393 9.74025974025974E-6
394 2.2727272727272726E-5
395 6.493506493506494E-6
396 3.246753246753247E-5
397 6.493506493506494E-6
398 6.493506493506494E-6
399 1.948051948051948E-5
400 9.74025974025974E-6
401 6.493506493506494E-6
402 1.6233766233766234E-5
403 1.2987012987012988E-5
404 1.6233766233766234E-5
405 2.922077922077922E-5
406 1.948051948051948E-5
407 9.74025974025974E-6
408 1.2987012987012988E-5
409 2.5974025974025975E-5
410 1.6233766233766234E-5
411 1.6233766233766234E-5
412 2.5974025974025975E-5
413 6.493506493506494E-6
414 9.74025974025974E-6
415 3.571428571428572E-5
416 1.2987012987012988E-5
417 1.2987012987012988E-5
418 1.6233766233766234E-5
419 2.5974025974025975E-5
420 2.5974025974025975E-5
421 1.948051948051948E-5
422 1.6233766233766234E-5
423 1.948051948051948E-5
424 2.2727272727272726E-5
425 9.74025974025974E-6
426 1.2987012987012988E-5
427 3.246753246753247E-5
428 1.6233766233766234E-5
429 1.948051948051948E-5
430 3.896103896103896E-5
431 1.2987012987012988E-5
432 1.2987012987012988E-5
433 1.948051948051948E-5
434 1.948051948051948E-5
435 1.2987012987012988E-5
436 3.896103896103896E-5
437 1.6233766233766234E-5
438 2.2727272727272726E-5
439 1.6233766233766234E-5
440 2.2727272727272726E-5
441 3.571428571428572E-5
442 2.2727272727272726E-5
443 2.5974025974025975E-5
444 2.2727272727272726E-5
445 1.948051948051948E-5
446 1.6233766233766234E-5
447 6.493506493506494E-6
448 1.2987012987012988E-5
449 2.5974025974025975E-5
450 1.6233766233766234E-5
451 2.5974025974025975E-5
452 1.6233766233766234E-5
453 1.2987012987012988E-5
454 9.74025974025974E-6
455 1.948051948051948E-5
456 1.948051948051948E-5
457 1.6233766233766234E-5
458 9.74025974025974E-6
459 1.6233766233766234E-5
460 3.246753246753247E-6
461 1.948051948051948E-5
462 3.246753246753247E-5
463 1.6233766233766234E-5
464 2.5974025974025975E-5
465 1.2987012987012988E-5
466 2.922077922077922E-5
467 2.5974025974025975E-5
468 1.948051948051948E-5
469 1.6233766233766234E-5
470 2.5974025974025975E-5
471 3.246753246753247E-5
472 9.74025974025974E-6
473 3.246753246753247E-6
474 3.571428571428572E-5
475 1.948051948051948E-5
476 9.74025974025974E-6
477 9.74025974025974E-6
478 2.2727272727272726E-5
479 3.896103896103896E-5
480 9.74025974025974E-6
481 2.922077922077922E-5
482 1.6233766233766234E-5
484 1.2987012987012988E-5
485 1.6233766233766234E-5
486 1.6233766233766234E-5
487 1.6233766233766234E-5
488 1.2987012987012988E-5
489 1.948051948051948E-5
490 6.493506493506494E-6
491 9.74025974025974E-6
492 3.246753246753247E-5
493 1.2987012987012988E-5
494 2.2727272727272726E-5
495 1.948051948051948E-5
496 6.493506493506494E-6
497 1.6233766233766234E-5
498 2.2727272727272726E-5
499 1.948051948051948E-5
500 2.2727272727272726E-5
501 1.2987012987012988E-5
502 1.948051948051948E-5
503 1.2987012987012988E-5
504 1.6233766233766234E-5
505 2.5974025974025975E-5
506 1.948051948051948E-5
507 9.74025974025974E-6
508 9.74025974025974E-6
509 1.2987012987012988E-5
510 1.2987012987012988E-5
511 9.74025974025974E-6
512 6.493506493506494E-6
513 2.5974025974025975E-5
514 6.493506493506494E-6
515 9.74025974025974E-6
516 9.74025974025974E-6
517 1.6233766233766234E-5
518 9.74025974025974E-6
519 1.2987012987012988E-5
520 9.74025974025974E-6
521 1.2987012987012988E-5
522 1.6233766233766234E-5
523 3.246753246753247E-6
525 3.246753246753247E-6
526 1.948051948051948E-5
527 9.74025974025974E-6
528 6.493506493506494E-6
529 1.6233766233766234E-5
530 1.948051948051948E-5
531 3.246753246753247E-6
532 3.246753246753247E-6
533 6.493506493506494E-6
534 3.246753246753247E-6
535 1.6233766233766234E-5
536 3.246753246753247E-6
537 6.493506493506494E-6
538 3.246753246753247E-6
539 6.493506493506494E-6
540 9.74025974025974E-6
541 9.74025974025974E-6
542 6.493506493506494E-6
543 6.493506493506494E-6
544 6.493506493506494E-6
546 6.493506493506494E-6
547 6.493506493506494E-6
548 9.74025974025974E-6
549 1.2987012987012988E-5
552 3.246753246753247E-6
553 9.74025974025974E-6
554 6.493506493506494E-6
555 3.246753246753247E-6
556 3.246753246753247E-6
557 6.493506493506494E-6
558 6.493506493506494E-6
559 3.246753246753247E-6
561 3.246753246753247E-6
562 6.493506493506494E-6
564 1.2987012987012988E-5
565 3.246753246753247E-6
566 3.246753246753247E-6
567 3.246753246753247E-6
568 3.246753246753247E-6
570 3.246753246753247E-6
572 3.246753246753247E-6
575 3.246753246753247E-6
577 3.246753246753247E-6
578 3.246753246753247E-6
580 3.246753246753247E-6
582 3.246753246753247E-6
583 6.493506493506494E-6
584 3.246753246753247E-6
585 6.493506493506494E-6
588 3.246753246753247E-6
590 3.246753246753247E-6
593 3.246753246753247E-6
595 3.246753246753247E-6
597 3.246753246753247E-6
603 3.246753246753247E-6
610 3.246753246753247E-6
614 3.246753246753247E-6
623 3.246753246753247E-6
627 3.246753246753247E-6
654 3.246753246753247E-6