3.031
2.1397291193654833
11 0.15317582417582418
12 0.12173351648351648
13 0.09615384615384616
14 0.07824175824175825
15 0.06465659340659341
16 0.05401373626373626
17 0.045626373626373624
18 0.038554945054945056
19 0.03342307692307692
20 0.028585164835164836
21 0.024645604395604395
22 0.021824175824175823
23 0.019065934065934067
24 0.016865384615384615
25 0.015184065934065934
26 0.013626373626373627
27 0.012002747252747253
28 0.011035714285714286
29 0.009725274725274725
30 0.008673076923076922
31 0.008123626373626373
32 0.007277472527472528
33 0.0067857142857142855
34 0.006208791208791209
35 0.0057417582417582415
36 0.00531043956043956
37 0.004961538461538462
38 0.00467032967032967
39 0.004269230769230769
40 0.0038516483516483515
41 0.0035796703296703297
42 0.003263736263736264
43 0.002958791208791209
44 0.0026895604395604394
45 0.0026071428571428574
46 0.0027115384615384614
47 0.002285714285714286
48 0.002164835164835165
49 0.0019423076923076924
50 0.002087912087912088
51 0.0019065934065934066
52 0.0016648351648351648
53 0.0016923076923076924
54 0.001642857142857143
55 0.0014697802197802198
56 0.001392857142857143
57 0.001324175824175824
58 0.0012747252747252746
59 0.0011813186813186814
60 0.0011263736263736263
61 0.0011153846153846153
62 9.862637362637362E-4
63 0.0010467032967032967
64 0.0010412087912087913
65 8.736263736263736E-4
66 8.461538461538462E-4
67 7.857142857142857E-4
68 9.642857142857143E-4
69 6.785714285714286E-4
70 6.978021978021978E-4
71 6.813186813186814E-4
72 7.032967032967033E-4
73 5.961538461538462E-4
74 6.813186813186814E-4
75 5.906593406593407E-4
76 5.851648351648352E-4
77 5.54945054945055E-4
78 5.934065934065934E-4
79 5.631868131868132E-4
80 5.164835164835165E-4
81 4.175824175824176E-4
82 4.6703296703296703E-4
83 4.2582417582417585E-4
84 3.983516483516484E-4
85 4.313186813186813E-4
86 4.120879120879121E-4
87 4.0384615384615383E-4
88 4.010989010989011E-4
89 4.2582417582417585E-4
90 2.8021978021978023E-4
91 3.021978021978022E-4
92 3.1593406593406596E-4
93 2.8021978021978023E-4
94 2.554945054945055E-4
95 2.774725274725275E-4
96 3.021978021978022E-4
97 2.8571428571428574E-4
98 2.554945054945055E-4
99 2.2527472527472529E-4
100 3.0494505494505495E-4
101 2.5274725274725276E-4
102 2.6648351648351647E-4
103 2.445054945054945E-4
104 2.3351648351648352E-4
105 2.4175824175824175E-4
106 2.1703296703296703E-4
107 1.978021978021978E-4
108 1.8956043956043955E-4
109 2.032967032967033E-4
110 1.978021978021978E-4
111 1.923076923076923E-4
112 1.7307692307692307E-4
113 1.5934065934065933E-4
114 1.5934065934065933E-4
115 1.6208791208791208E-4
116 1.7307692307692307E-4
117 1.4010989010989012E-4
118 1.8956043956043955E-4
119 1.456043956043956E-4
120 1.510989010989011E-4
121 1.2637362637362638E-4
122 1.510989010989011E-4
123 1.1813186813186813E-4
124 1.1538461538461538E-4
125 1.3736263736263736E-4
126 1.346153846153846E-4
127 1.4835164835164835E-4
128 1.3736263736263736E-4
129 1.1263736263736264E-4
130 1.4285714285714287E-4
131 1.2087912087912087E-4
132 1.1263736263736264E-4
133 1.0164835164835165E-4
134 1.0989010989010989E-4
135 9.615384615384615E-5
136 6.868131868131868E-5
137 1.1538461538461538E-4
138 1.1263736263736264E-4
139 1.1538461538461538E-4
140 7.142857142857143E-5
141 7.417582417582417E-5
142 1.0714285714285714E-4
143 8.241758241758242E-5
144 9.615384615384615E-5
145 9.34065934065934E-5
146 9.615384615384615E-5
147 5.769230769230769E-5
148 8.516483516483517E-5
149 8.791208791208791E-5
150 8.241758241758242E-5
151 6.868131868131868E-5
152 9.89010989010989E-5
153 8.241758241758242E-5
154 6.318681318681319E-5
155 5.769230769230769E-5
156 6.868131868131868E-5
157 8.241758241758242E-5
158 6.318681318681319E-5
159 4.67032967032967E-5
160 5.769230769230769E-5
161 6.318681318681319E-5
162 6.593406593406593E-5
163 5.4945054945054945E-5
164 7.417582417582417E-5
165 4.3956043956043955E-5
166 3.571428571428572E-5
167 4.945054945054945E-5
168 4.120879120879121E-5
169 4.67032967032967E-5
170 3.2967032967032964E-5
171 5.21978021978022E-5
172 6.318681318681319E-5
173 5.4945054945054945E-5
174 4.3956043956043955E-5
175 5.21978021978022E-5
176 4.120879120879121E-5
177 3.571428571428572E-5
178 3.2967032967032964E-5
179 5.21978021978022E-5
180 3.571428571428572E-5
181 3.846153846153846E-5
182 5.21978021978022E-5
183 3.846153846153846E-5
184 4.120879120879121E-5
185 3.2967032967032964E-5
186 4.120879120879121E-5
187 3.846153846153846E-5
188 4.120879120879121E-5
189 3.846153846153846E-5
190 3.2967032967032964E-5
191 3.021978021978022E-5
192 3.571428571428572E-5
193 2.4725274725274727E-5
194 2.4725274725274727E-5
195 2.7472527472527473E-5
196 1.3736263736263736E-5
197 2.4725274725274727E-5
198 1.6483516483516482E-5
199 1.6483516483516482E-5
200 2.1978021978021977E-5
201 2.4725274725274727E-5
202 3.846153846153846E-5
203 3.571428571428572E-5
204 4.3956043956043955E-5
205 1.923076923076923E-5
206 1.923076923076923E-5
207 1.923076923076923E-5
208 1.3736263736263736E-5
209 2.4725274725274727E-5
210 1.3736263736263736E-5
211 1.923076923076923E-5
212 1.3736263736263736E-5
213 1.0989010989010989E-5
214 3.021978021978022E-5
215 5.494505494505494E-6
216 2.1978021978021977E-5
217 1.923076923076923E-5
218 2.4725274725274727E-5
219 1.3736263736263736E-5
220 1.0989010989010989E-5
221 1.0989010989010989E-5
222 8.241758241758241E-6
223 1.6483516483516482E-5
224 5.494505494505494E-6
225 1.6483516483516482E-5
226 8.241758241758241E-6
227 1.6483516483516482E-5
228 8.241758241758241E-6
229 1.0989010989010989E-5
230 1.3736263736263736E-5
231 1.923076923076923E-5
232 1.6483516483516482E-5
233 2.747252747252747E-6
235 1.3736263736263736E-5
236 5.494505494505494E-6
237 5.494505494505494E-6
238 1.0989010989010989E-5
239 1.923076923076923E-5
240 5.494505494505494E-6
241 1.3736263736263736E-5
242 8.241758241758241E-6
243 5.494505494505494E-6
244 5.494505494505494E-6
245 1.0989010989010989E-5
246 2.747252747252747E-6
247 5.494505494505494E-6
248 8.241758241758241E-6
249 5.494505494505494E-6
250 5.494505494505494E-6
251 1.923076923076923E-5
252 2.747252747252747E-6
253 2.747252747252747E-6
254 5.494505494505494E-6
256 5.494505494505494E-6
257 2.747252747252747E-6
258 5.494505494505494E-6
259 5.494505494505494E-6
261 2.747252747252747E-6
262 2.747252747252747E-6
263 8.241758241758241E-6
264 5.494505494505494E-6
265 2.747252747252747E-6
266 5.494505494505494E-6
267 5.494505494505494E-6
268 2.747252747252747E-6
269 2.747252747252747E-6
270 5.494505494505494E-6
271 2.747252747252747E-6
273 5.494505494505494E-6
274 1.0989010989010989E-5
275 5.494505494505494E-6
277 5.494505494505494E-6
278 5.494505494505494E-6
279 2.747252747252747E-6
280 2.747252747252747E-6
282 5.494505494505494E-6
283 5.494505494505494E-6
284 5.494505494505494E-6
285 2.747252747252747E-6
287 5.494505494505494E-6
288 5.494505494505494E-6
289 8.241758241758241E-6
290 8.241758241758241E-6
292 5.494505494505494E-6
293 8.241758241758241E-6
294 2.747252747252747E-6
295 2.747252747252747E-6
296 1.3736263736263736E-5
297 2.747252747252747E-6
298 2.747252747252747E-6
299 2.747252747252747E-6
300 5.494505494505494E-6
303 2.747252747252747E-6
304 2.747252747252747E-6
305 5.494505494505494E-6
306 2.747252747252747E-6
307 8.241758241758241E-6
308 8.241758241758241E-6
309 8.241758241758241E-6
310 2.747252747252747E-6
312 5.494505494505494E-6
313 2.747252747252747E-6
314 5.494505494505494E-6
315 1.0989010989010989E-5
317 5.494505494505494E-6
318 1.6483516483516482E-5
319 5.494505494505494E-6
320 5.494505494505494E-6
321 8.241758241758241E-6
322 5.494505494505494E-6
323 5.494505494505494E-6
324 8.241758241758241E-6
325 5.494505494505494E-6
326 2.747252747252747E-6
327 8.241758241758241E-6
328 1.3736263736263736E-5
329 8.241758241758241E-6
330 5.494505494505494E-6
331 8.241758241758241E-6
332 5.494505494505494E-6
333 2.747252747252747E-6
334 2.747252747252747E-6
335 5.494505494505494E-6
336 8.241758241758241E-6
337 8.241758241758241E-6
338 1.0989010989010989E-5
340 1.3736263736263736E-5
341 2.4725274725274727E-5
342 1.0989010989010989E-5
343 8.241758241758241E-6
344 1.0989010989010989E-5
345 8.241758241758241E-6
346 2.747252747252747E-6
347 1.3736263736263736E-5
348 5.494505494505494E-6
349 8.241758241758241E-6
350 1.3736263736263736E-5
351 8.241758241758241E-6
352 2.747252747252747E-6
353 5.494505494505494E-6
354 1.0989010989010989E-5
355 1.3736263736263736E-5
356 1.3736263736263736E-5
357 2.747252747252747E-6
358 1.923076923076923E-5
359 1.3736263736263736E-5
360 5.494505494505494E-6
361 1.3736263736263736E-5
362 2.747252747252747E-6
363 1.6483516483516482E-5
364 1.3736263736263736E-5
365 2.1978021978021977E-5
366 1.6483516483516482E-5
367 2.1978021978021977E-5
368 1.3736263736263736E-5
370 1.0989010989010989E-5
371 8.241758241758241E-6
372 1.0989010989010989E-5
373 1.3736263736263736E-5
374 8.241758241758241E-6
375 1.923076923076923E-5
376 5.494505494505494E-6
377 1.923076923076923E-5
378 1.6483516483516482E-5
379 1.0989010989010989E-5
380 1.0989010989010989E-5
381 1.3736263736263736E-5
382 1.923076923076923E-5
383 1.923076923076923E-5
384 2.1978021978021977E-5
385 2.7472527472527473E-5
386 5.494505494505494E-6
387 1.923076923076923E-5
388 1.0989010989010989E-5
389 1.6483516483516482E-5
390 2.1978021978021977E-5
391 1.6483516483516482E-5
392 1.6483516483516482E-5
393 1.923076923076923E-5
394 1.6483516483516482E-5
395 1.0989010989010989E-5
396 2.1978021978021977E-5
397 3.2967032967032964E-5
398 3.021978021978022E-5
399 2.4725274725274727E-5
400 2.747252747252747E-6
401 1.0989010989010989E-5
402 1.3736263736263736E-5
403 1.6483516483516482E-5
404 8.241758241758241E-6
405 2.4725274725274727E-5
406 5.494505494505494E-6
407 1.6483516483516482E-5
408 3.021978021978022E-5
409 1.0989010989010989E-5
410 3.021978021978022E-5
411 2.4725274725274727E-5
412 1.6483516483516482E-5
413 1.3736263736263736E-5
414 1.6483516483516482E-5
415 1.923076923076923E-5
416 1.923076923076923E-5
417 2.1978021978021977E-5
418 2.4725274725274727E-5
419 2.1978021978021977E-5
420 8.241758241758241E-6
421 1.3736263736263736E-5
422 1.0989010989010989E-5
423 1.0989010989010989E-5
424 2.7472527472527473E-5
425 8.241758241758241E-6
426 1.3736263736263736E-5
427 1.3736263736263736E-5
428 2.4725274725274727E-5
429 2.4725274725274727E-5
430 1.923076923076923E-5
431 2.7472527472527473E-5
432 3.2967032967032964E-5
433 2.1978021978021977E-5
434 2.7472527472527473E-5
435 2.4725274725274727E-5
436 2.1978021978021977E-5
437 1.923076923076923E-5
438 1.0989010989010989E-5
439 1.923076923076923E-5
440 1.6483516483516482E-5
441 1.3736263736263736E-5
442 1.0989010989010989E-5
443 5.494505494505494E-6
444 2.1978021978021977E-5
445 5.494505494505494E-6
447 8.241758241758241E-6
448 8.241758241758241E-6
449 1.0989010989010989E-5
450 1.3736263736263736E-5
451 1.0989010989010989E-5
452 1.3736263736263736E-5
453 1.6483516483516482E-5
454 2.1978021978021977E-5
455 1.6483516483516482E-5
456 1.923076923076923E-5
457 1.6483516483516482E-5
458 2.1978021978021977E-5
459 5.494505494505494E-6
460 3.021978021978022E-5
461 5.494505494505494E-6
462 1.0989010989010989E-5
463 1.0989010989010989E-5
464 1.0989010989010989E-5
465 1.3736263736263736E-5
466 8.241758241758241E-6
467 1.3736263736263736E-5
468 1.6483516483516482E-5
469 1.0989010989010989E-5
470 1.0989010989010989E-5
471 8.241758241758241E-6
472 1.0989010989010989E-5
473 1.3736263736263736E-5
474 1.6483516483516482E-5
475 8.241758241758241E-6
476 8.241758241758241E-6
477 8.241758241758241E-6
478 1.6483516483516482E-5
479 8.241758241758241E-6
480 1.6483516483516482E-5
481 1.3736263736263736E-5
482 8.241758241758241E-6
483 1.0989010989010989E-5
484 1.0989010989010989E-5
485 1.3736263736263736E-5
486 8.241758241758241E-6
487 1.0989010989010989E-5
488 2.747252747252747E-6
489 1.0989010989010989E-5
490 1.0989010989010989E-5
491 2.747252747252747E-6
492 1.0989010989010989E-5
493 5.494505494505494E-6
494 5.494505494505494E-6
495 8.241758241758241E-6
496 8.241758241758241E-6
497 5.494505494505494E-6
498 8.241758241758241E-6
499 5.494505494505494E-6
500 1.0989010989010989E-5
501 1.0989010989010989E-5
502 2.747252747252747E-6
503 2.747252747252747E-6
504 5.494505494505494E-6
505 1.0989010989010989E-5
506 2.747252747252747E-6
507 5.494505494505494E-6
508 1.0989010989010989E-5
509 2.747252747252747E-6
510 2.747252747252747E-6
511 2.747252747252747E-6
512 5.494505494505494E-6
513 5.494505494505494E-6
515 5.494505494505494E-6
516 5.494505494505494E-6
517 5.494505494505494E-6
518 5.494505494505494E-6
519 5.494505494505494E-6
520 5.494505494505494E-6
522 2.747252747252747E-6
523 1.0989010989010989E-5
524 8.241758241758241E-6
525 2.747252747252747E-6
526 2.747252747252747E-6
527 2.747252747252747E-6
528 2.747252747252747E-6
530 8.241758241758241E-6
531 5.494505494505494E-6
532 2.747252747252747E-6
533 5.494505494505494E-6
535 5.494505494505494E-6
536 2.747252747252747E-6
540 2.747252747252747E-6
541 2.747252747252747E-6
544 8.241758241758241E-6
545 2.747252747252747E-6
546 2.747252747252747E-6
547 2.747252747252747E-6
548 5.494505494505494E-6
551 5.494505494505494E-6
552 2.747252747252747E-6
557 2.747252747252747E-6
560 2.747252747252747E-6
561 2.747252747252747E-6
567 8.241758241758241E-6
570 5.494505494505494E-6
571 2.747252747252747E-6
587 2.747252747252747E-6
591 2.747252747252747E-6
619 2.747252747252747E-6