3.0
1.979791142191139
14 0.12471328671328671
15 0.1034895104895105
16 0.08581818181818182
17 0.07232167832167832
18 0.06162937062937063
19 0.052636363636363634
20 0.045304195804195806
21 0.04010489510489511
22 0.03431118881118881
23 0.030178321678321678
24 0.027080419580419582
25 0.023772727272727272
26 0.021461538461538462
27 0.019342657342657343
28 0.017213286713286712
29 0.015325174825174825
30 0.013737762237762238
31 0.012716783216783217
32 0.011423076923076923
33 0.010548951048951049
34 0.010024475524475525
35 0.008916083916083915
36 0.008237762237762238
37 0.007643356643356644
38 0.00706993006993007
39 0.0065349650349650346
40 0.006034965034965035
41 0.005905594405594405
42 0.0051223776223776225
43 0.004755244755244755
44 0.0048111888111888115
45 0.004269230769230769
46 0.004010489510489511
47 0.0038286713286713285
48 0.003555944055944056
49 0.0034125874125874125
50 0.003108391608391608
51 0.0028041958041958043
52 0.002965034965034965
53 0.0024895104895104893
54 0.0025174825174825175
55 0.002506993006993007
56 0.0024195804195804196
57 0.0021783216783216783
58 0.002160839160839161
59 0.0020244755244755246
60 0.002027972027972028
61 0.0017202797202797203
62 0.0016083916083916084
63 0.001632867132867133
64 0.0014335664335664337
65 0.001416083916083916
66 0.0013426573426573427
67 0.0013496503496503497
68 0.0013216783216783217
69 0.0011958041958041957
70 0.0011818181818181819
71 0.0012517482517482518
72 0.0010349650349650349
73 0.001013986013986014
74 9.79020979020979E-4
75 0.001006993006993007
76 8.706293706293707E-4
77 7.832167832167832E-4
78 8.811188811188812E-4
79 7.587412587412587E-4
80 8.531468531468531E-4
81 8.636363636363636E-4
82 7.552447552447553E-4
83 7.027972027972028E-4
84 6.398601398601399E-4
85 6.468531468531469E-4
86 6.608391608391609E-4
87 6.013986013986014E-4
88 5.384615384615384E-4
89 5.489510489510489E-4
90 5.314685314685315E-4
91 5.839160839160839E-4
92 5.104895104895105E-4
93 5.41958041958042E-4
94 5.454545454545455E-4
95 4.090909090909091E-4
96 4.4755244755244756E-4
97 4.4755244755244756E-4
98 4.3706293706293706E-4
99 4.090909090909091E-4
100 4.6153846153846153E-4
101 4.055944055944056E-4
102 3.4965034965034965E-4
103 3.636363636363636E-4
104 3.986013986013986E-4
105 3.636363636363636E-4
106 3.181818181818182E-4
107 3.5664335664335663E-4
108 3.2867132867132865E-4
109 4.020979020979021E-4
110 2.8321678321678324E-4
111 3.006993006993007E-4
112 2.3076923076923076E-4
113 2.867132867132867E-4
114 2.972027972027972E-4
115 2.902097902097902E-4
116 2.6573426573426576E-4
117 2.6573426573426576E-4
118 3.146853146853147E-4
119 2.692307692307692E-4
120 2.4475524475524476E-4
121 2.1328671328671328E-4
122 2.2377622377622378E-4
123 1.7832167832167832E-4
124 1.6783216783216784E-4
125 1.923076923076923E-4
126 1.923076923076923E-4
127 1.5384615384615385E-4
128 2.062937062937063E-4
129 1.7482517482517483E-4
130 1.8881118881118882E-4
131 1.7832167832167832E-4
132 2.027972027972028E-4
133 1.6433566433566432E-4
134 1.818181818181818E-4
135 1.6083916083916083E-4
136 1.3286713286713288E-4
137 1.6783216783216784E-4
138 1.3286713286713288E-4
139 1.8881118881118882E-4
140 1.3286713286713288E-4
141 1.3286713286713288E-4
142 1.2937062937062936E-4
143 1.6083916083916083E-4
144 1.5034965034965036E-4
145 1.2937062937062936E-4
146 1.3986013986013986E-4
147 1.013986013986014E-4
148 1.5034965034965036E-4
149 1.0839160839160839E-4
150 1.2237762237762238E-4
151 1.3286713286713288E-4
152 1.048951048951049E-4
153 1.1888111888111889E-4
154 1.3286713286713288E-4
155 8.741258741258741E-5
156 1.2237762237762238E-4
157 1.1188811188811189E-4
158 1.3636363636363637E-4
159 1.1538461538461538E-4
160 1.1188811188811189E-4
161 1.048951048951049E-4
162 6.643356643356644E-5
163 1.0839160839160839E-4
164 1.0839160839160839E-4
165 9.440559440559441E-5
166 9.09090909090909E-5
167 8.041958041958042E-5
168 7.342657342657342E-5
169 1.048951048951049E-4
170 6.643356643356644E-5
171 8.041958041958042E-5
172 7.342657342657342E-5
173 9.09090909090909E-5
174 6.993006993006993E-5
175 7.692307692307693E-5
176 8.041958041958042E-5
177 8.741258741258741E-5
178 6.643356643356644E-5
179 9.09090909090909E-5
180 6.293706293706293E-5
181 6.993006993006993E-5
182 7.342657342657342E-5
183 5.5944055944055945E-5
184 6.993006993006993E-5
185 4.545454545454545E-5
186 5.944055944055944E-5
187 4.895104895104895E-5
188 5.944055944055944E-5
189 7.692307692307693E-5
190 6.993006993006993E-5
191 5.944055944055944E-5
192 5.244755244755245E-5
193 6.643356643356644E-5
194 5.5944055944055945E-5
195 4.545454545454545E-5
196 2.4475524475524475E-5
197 5.5944055944055945E-5
198 4.545454545454545E-5
199 5.5944055944055945E-5
200 3.4965034965034965E-5
201 3.846153846153846E-5
202 4.895104895104895E-5
203 2.7972027972027973E-5
204 3.146853146853147E-5
205 5.944055944055944E-5
206 2.4475524475524475E-5
207 3.4965034965034965E-5
208 4.195804195804196E-5
209 5.244755244755245E-5
210 5.244755244755245E-5
211 3.146853146853147E-5
212 2.7972027972027973E-5
213 3.4965034965034965E-5
214 3.846153846153846E-5
215 2.7972027972027973E-5
216 3.846153846153846E-5
217 4.895104895104895E-5
218 5.944055944055944E-5
219 3.146853146853147E-5
220 4.895104895104895E-5
221 3.4965034965034965E-5
222 1.7482517482517483E-5
223 4.195804195804196E-5
224 3.146853146853147E-5
225 1.7482517482517483E-5
226 2.7972027972027973E-5
227 2.4475524475524475E-5
228 3.146853146853147E-5
229 2.097902097902098E-5
230 2.097902097902098E-5
231 3.146853146853147E-5
232 1.048951048951049E-5
233 2.7972027972027973E-5
234 2.097902097902098E-5
235 1.7482517482517483E-5
236 2.7972027972027973E-5
237 1.7482517482517483E-5
238 1.7482517482517483E-5
239 2.097902097902098E-5
240 1.048951048951049E-5
241 1.3986013986013986E-5
242 1.3986013986013986E-5
243 1.7482517482517483E-5
244 2.097902097902098E-5
245 2.4475524475524475E-5
246 1.7482517482517483E-5
247 2.7972027972027973E-5
248 1.3986013986013986E-5
249 1.7482517482517483E-5
250 2.4475524475524475E-5
251 3.4965034965034966E-6
252 1.7482517482517483E-5
253 6.993006993006993E-6
254 2.4475524475524475E-5
255 6.993006993006993E-6
256 1.048951048951049E-5
257 1.048951048951049E-5
258 2.4475524475524475E-5
259 2.097902097902098E-5
260 6.993006993006993E-6
261 1.048951048951049E-5
262 6.993006993006993E-6
263 1.3986013986013986E-5
264 1.3986013986013986E-5
265 1.3986013986013986E-5
266 1.048951048951049E-5
267 3.4965034965034966E-6
268 1.7482517482517483E-5
269 2.4475524475524475E-5
270 3.4965034965034966E-6
271 3.4965034965034966E-6
272 6.993006993006993E-6
273 3.4965034965034966E-6
274 3.4965034965034966E-6
275 6.993006993006993E-6
276 1.048951048951049E-5
277 1.048951048951049E-5
279 6.993006993006993E-6
280 1.7482517482517483E-5
283 3.4965034965034966E-6
284 3.4965034965034966E-6
286 1.048951048951049E-5
287 3.4965034965034966E-6
288 1.048951048951049E-5
289 3.4965034965034966E-6
290 1.048951048951049E-5
291 1.048951048951049E-5
292 6.993006993006993E-6
294 6.993006993006993E-6
296 6.993006993006993E-6
297 6.993006993006993E-6
298 3.4965034965034966E-6
299 3.4965034965034966E-6
300 6.993006993006993E-6
303 3.4965034965034966E-6
304 3.4965034965034966E-6
305 3.4965034965034966E-6
307 3.4965034965034966E-6
308 3.4965034965034966E-6
310 6.993006993006993E-6
311 1.048951048951049E-5
312 3.4965034965034966E-6
314 3.4965034965034966E-6
320 3.4965034965034966E-6
322 6.993006993006993E-6
324 3.4965034965034966E-6
325 3.4965034965034966E-6
329 3.4965034965034966E-6
330 6.993006993006993E-6
332 3.4965034965034966E-6
336 6.993006993006993E-6
337 3.4965034965034966E-6
338 3.4965034965034966E-6
340 3.4965034965034966E-6
342 6.993006993006993E-6
344 3.4965034965034966E-6
347 3.4965034965034966E-6
351 6.993006993006993E-6
352 3.4965034965034966E-6
353 3.4965034965034966E-6
356 6.993006993006993E-6
357 1.048951048951049E-5
358 1.048951048951049E-5
359 6.993006993006993E-6
360 6.993006993006993E-6
361 1.048951048951049E-5
362 3.4965034965034966E-6
363 3.4965034965034966E-6
364 3.4965034965034966E-6
365 6.993006993006993E-6
366 6.993006993006993E-6
367 6.993006993006993E-6
368 1.3986013986013986E-5
369 3.4965034965034966E-6
370 3.4965034965034966E-6
371 1.048951048951049E-5
372 1.048951048951049E-5
373 1.048951048951049E-5
374 6.993006993006993E-6
375 6.993006993006993E-6
376 6.993006993006993E-6
377 3.4965034965034966E-6
380 6.993006993006993E-6
381 1.7482517482517483E-5
382 6.993006993006993E-6
383 3.4965034965034966E-6
384 6.993006993006993E-6
385 1.7482517482517483E-5
386 1.048951048951049E-5
387 1.048951048951049E-5
388 2.097902097902098E-5
390 2.097902097902098E-5
391 1.048951048951049E-5
392 6.993006993006993E-6
393 1.7482517482517483E-5
394 3.4965034965034966E-6
395 3.4965034965034966E-6
397 1.7482517482517483E-5
398 1.048951048951049E-5
399 1.3986013986013986E-5
400 1.3986013986013986E-5
401 1.3986013986013986E-5
402 1.7482517482517483E-5
403 2.097902097902098E-5
404 2.7972027972027973E-5
405 6.993006993006993E-6
407 1.3986013986013986E-5
408 2.097902097902098E-5
409 2.4475524475524475E-5
410 1.7482517482517483E-5
411 2.4475524475524475E-5
412 1.7482517482517483E-5
413 2.097902097902098E-5
414 1.048951048951049E-5
415 2.097902097902098E-5
416 1.7482517482517483E-5
417 1.3986013986013986E-5
418 2.7972027972027973E-5
419 1.048951048951049E-5
420 2.4475524475524475E-5
421 2.4475524475524475E-5
422 2.4475524475524475E-5
423 1.048951048951049E-5
424 1.048951048951049E-5
425 1.7482517482517483E-5
426 1.3986013986013986E-5
428 1.3986013986013986E-5
429 1.7482517482517483E-5
430 2.4475524475524475E-5
431 3.4965034965034965E-5
432 2.4475524475524475E-5
433 2.097902097902098E-5
434 6.993006993006993E-6
435 1.3986013986013986E-5
436 2.097902097902098E-5
437 2.097902097902098E-5
438 6.993006993006993E-6
439 1.7482517482517483E-5
440 2.097902097902098E-5
441 2.7972027972027973E-5
442 6.993006993006993E-6
443 1.048951048951049E-5
444 2.7972027972027973E-5
445 6.993006993006993E-6
446 2.7972027972027973E-5
447 2.4475524475524475E-5
448 3.146853146853147E-5
449 2.097902097902098E-5
450 1.7482517482517483E-5
451 1.3986013986013986E-5
452 2.7972027972027973E-5
453 1.3986013986013986E-5
454 2.4475524475524475E-5
455 1.3986013986013986E-5
456 1.048951048951049E-5
457 2.7972027972027973E-5
458 2.097902097902098E-5
459 2.097902097902098E-5
460 1.3986013986013986E-5
461 2.4475524475524475E-5
462 2.7972027972027973E-5
463 2.097902097902098E-5
464 3.146853146853147E-5
465 2.097902097902098E-5
466 1.7482517482517483E-5
467 1.3986013986013986E-5
468 3.846153846153846E-5
469 2.4475524475524475E-5
470 6.993006993006993E-6
471 1.048951048951049E-5
472 3.146853146853147E-5
473 2.7972027972027973E-5
474 2.7972027972027973E-5
475 2.097902097902098E-5
476 3.4965034965034965E-5
477 3.846153846153846E-5
478 6.993006993006993E-6
479 2.097902097902098E-5
480 1.7482517482517483E-5
481 2.4475524475524475E-5
482 2.4475524475524475E-5
483 2.4475524475524475E-5
484 2.097902097902098E-5
485 4.195804195804196E-5
486 3.146853146853147E-5
487 3.846153846153846E-5
488 2.4475524475524475E-5
489 2.7972027972027973E-5
490 1.048951048951049E-5
491 1.3986013986013986E-5
492 2.097902097902098E-5
493 3.146853146853147E-5
494 6.993006993006993E-6
495 3.146853146853147E-5
496 2.4475524475524475E-5
497 1.048951048951049E-5
498 3.4965034965034966E-6
499 1.7482517482517483E-5
500 2.097902097902098E-5
501 4.195804195804196E-5
502 1.3986013986013986E-5
503 2.4475524475524475E-5
504 2.7972027972027973E-5
505 3.4965034965034966E-6
506 2.097902097902098E-5
507 2.097902097902098E-5
508 1.3986013986013986E-5
509 2.4475524475524475E-5
510 1.048951048951049E-5
511 2.7972027972027973E-5
512 1.3986013986013986E-5
513 3.4965034965034965E-5
514 1.3986013986013986E-5
515 2.4475524475524475E-5
516 1.048951048951049E-5
517 3.4965034965034966E-6
518 3.4965034965034966E-6
519 1.3986013986013986E-5
520 1.3986013986013986E-5
521 6.993006993006993E-6
522 1.3986013986013986E-5
523 3.4965034965034966E-6
524 2.097902097902098E-5
525 1.3986013986013986E-5
526 3.4965034965034966E-6
527 2.4475524475524475E-5
528 2.4475524475524475E-5
529 3.4965034965034966E-6
530 6.993006993006993E-6
531 1.3986013986013986E-5
532 2.4475524475524475E-5
533 1.048951048951049E-5
534 6.993006993006993E-6
535 3.4965034965034966E-6
537 1.3986013986013986E-5
538 1.3986013986013986E-5
539 6.993006993006993E-6
540 3.4965034965034966E-6
541 1.3986013986013986E-5
542 1.048951048951049E-5
544 1.048951048951049E-5
545 1.3986013986013986E-5
546 1.048951048951049E-5
547 1.048951048951049E-5
548 1.7482517482517483E-5
549 1.048951048951049E-5
550 6.993006993006993E-6
551 1.048951048951049E-5
552 3.146853146853147E-5
553 1.048951048951049E-5
554 3.4965034965034966E-6
555 3.4965034965034966E-6
556 1.048951048951049E-5
557 6.993006993006993E-6
558 3.4965034965034966E-6
559 1.048951048951049E-5
560 3.4965034965034966E-6
561 1.048951048951049E-5
562 6.993006993006993E-6
563 3.4965034965034966E-6
564 3.4965034965034966E-6
565 1.3986013986013986E-5
566 3.4965034965034966E-6
569 3.4965034965034966E-6
570 3.4965034965034966E-6
572 3.4965034965034966E-6
573 3.4965034965034966E-6
574 6.993006993006993E-6
575 1.048951048951049E-5
577 3.4965034965034966E-6
578 6.993006993006993E-6
579 3.4965034965034966E-6
581 6.993006993006993E-6
582 6.993006993006993E-6
583 6.993006993006993E-6
584 3.4965034965034966E-6
585 6.993006993006993E-6
586 3.4965034965034966E-6
587 3.4965034965034966E-6
588 3.4965034965034966E-6
589 1.048951048951049E-5
590 1.048951048951049E-5
592 3.4965034965034966E-6
593 3.4965034965034966E-6
594 6.993006993006993E-6
595 3.4965034965034966E-6
596 3.4965034965034966E-6
597 3.4965034965034966E-6
598 3.4965034965034966E-6
599 3.4965034965034966E-6
602 3.4965034965034966E-6
603 3.4965034965034966E-6
606 6.993006993006993E-6
607 6.993006993006993E-6
608 3.4965034965034966E-6
611 3.4965034965034966E-6
612 6.993006993006993E-6
613 3.4965034965034966E-6
614 3.4965034965034966E-6
616 3.4965034965034966E-6
617 3.4965034965034966E-6
618 3.4965034965034966E-6
619 3.4965034965034966E-6
621 6.993006993006993E-6
622 3.4965034965034966E-6
624 3.4965034965034966E-6
629 3.4965034965034966E-6
632 3.4965034965034966E-6
634 3.4965034965034966E-6
653 3.4965034965034966E-6