3.0
1.9467003463715487
15 0.11775655430711611
16 0.09813483146067416
17 0.08222097378277153
18 0.06977153558052435
19 0.060295880149812735
20 0.051621722846441946
21 0.045247191011235956
22 0.03966292134831461
23 0.0357378277153558
24 0.030322097378277152
25 0.02759925093632959
26 0.023823970037453183
27 0.02201123595505618
28 0.019535580524344568
29 0.01799250936329588
30 0.016228464419475657
31 0.01456554307116105
32 0.013378277153558053
33 0.011760299625468165
34 0.010962546816479402
35 0.01050187265917603
36 0.009588014981273409
37 0.008838951310861423
38 0.008239700374531835
39 0.0074606741573033705
40 0.006902621722846442
41 0.00650561797752809
42 0.005760299625468165
43 0.005569288389513109
44 0.005280898876404494
45 0.005217228464419476
46 0.0046928838951310866
47 0.00447940074906367
48 0.004142322097378277
49 0.003655430711610487
50 0.0038764044943820223
51 0.003460674157303371
52 0.0031235955056179775
53 0.0033033707865168537
54 0.002895131086142322
55 0.002749063670411985
56 0.0025355805243445695
57 0.00250936329588015
58 0.0024232209737827717
59 0.0022696629213483145
60 0.0020337078651685393
61 0.0020299625468164794
62 0.001910112359550562
63 0.0019138576779026218
64 0.0017153558052434457
65 0.0016104868913857679
66 0.0016816479400749065
67 0.0014044943820224719
68 0.0014382022471910113
69 0.0013782771535580524
70 0.0013782771535580524
71 0.001247191011235955
72 0.001247191011235955
73 0.0011647940074906366
74 0.0010262172284644195
75 0.0010187265917602996
76 0.0010262172284644195
77 0.0010823970037453184
78 9.400749063670412E-4
79 9.737827715355805E-4
80 8.988764044943821E-4
81 9.400749063670412E-4
82 9.438202247191011E-4
83 7.790262172284644E-4
84 8.164794007490637E-4
85 7.340823970037454E-4
86 7.453183520599251E-4
87 7.602996254681648E-4
88 5.318352059925093E-4
89 6.96629213483146E-4
90 6.666666666666666E-4
91 5.955056179775281E-4
92 5.730337078651685E-4
93 5.205992509363296E-4
94 5.430711610486891E-4
95 5.842696629213483E-4
96 5.580524344569288E-4
97 4.8314606741573033E-4
98 5.056179775280899E-4
99 4.419475655430712E-4
100 4.981273408239701E-4
101 4.4943820224719103E-4
102 3.48314606741573E-4
103 4.6816479400749064E-4
104 4.3071161048689136E-4
105 4.569288389513109E-4
106 3.9325842696629214E-4
107 3.5205992509363293E-4
108 3.2209737827715355E-4
109 3.5205992509363293E-4
110 2.958801498127341E-4
111 2.7715355805243443E-4
112 3.670411985018727E-4
113 3.670411985018727E-4
114 3.445692883895131E-4
115 2.8464419475655433E-4
116 2.2846441947565544E-4
117 2.958801498127341E-4
118 2.808988764044944E-4
119 3.445692883895131E-4
120 3.258426966292135E-4
121 2.8838951310861425E-4
122 2.2846441947565544E-4
123 2.7715355805243443E-4
124 2.0224719101123595E-4
125 2.4719101123595505E-4
126 2.584269662921348E-4
127 2.0224719101123595E-4
128 2.3220973782771536E-4
129 2.097378277153558E-4
130 2.3220973782771536E-4
131 1.8352059925093634E-4
132 2.4719101123595505E-4
133 1.9850187265917603E-4
134 1.460674157303371E-4
135 2.097378277153558E-4
136 1.947565543071161E-4
137 1.4232209737827716E-4
138 1.7602996254681647E-4
139 1.5730337078651685E-4
140 2.0224719101123595E-4
141 1.460674157303371E-4
142 1.8726591760299626E-4
143 1.2359550561797752E-4
144 1.7228464419475654E-4
145 1.3857677902621722E-4
146 1.3108614232209737E-4
147 1.460674157303371E-4
148 1.6853932584269662E-4
149 1.5730337078651685E-4
150 1.7228464419475654E-4
151 1.5730337078651685E-4
152 1.49812734082397E-4
153 1.3108614232209737E-4
154 1.2734082397003745E-4
155 1.2734082397003745E-4
156 1.1235955056179776E-4
157 1.048689138576779E-4
158 1.2359550561797752E-4
159 1.1610486891385768E-4
160 1.348314606741573E-4
161 8.988764044943821E-5
162 1.198501872659176E-4
163 1.1610486891385768E-4
164 9.737827715355805E-5
165 8.239700374531835E-5
166 1.2734082397003745E-4
167 9.737827715355805E-5
168 1.048689138576779E-4
169 9.363295880149813E-5
170 8.988764044943821E-5
171 1.2734082397003745E-4
172 7.865168539325843E-5
173 8.614232209737827E-5
174 8.239700374531835E-5
175 7.865168539325843E-5
176 5.617977528089888E-5
177 1.1610486891385768E-4
178 1.0112359550561798E-4
179 7.49063670411985E-5
180 5.99250936329588E-5
181 8.614232209737827E-5
182 7.49063670411985E-5
183 7.116104868913858E-5
184 4.868913857677903E-5
185 9.737827715355805E-5
186 7.865168539325843E-5
187 8.988764044943821E-5
188 6.741573033707865E-5
189 5.617977528089888E-5
190 7.49063670411985E-5
191 8.614232209737827E-5
192 7.116104868913858E-5
193 5.243445692883895E-5
194 7.865168539325843E-5
195 5.617977528089888E-5
196 3.745318352059925E-5
197 3.745318352059925E-5
198 7.865168539325843E-5
199 5.243445692883895E-5
200 4.868913857677903E-5
201 4.868913857677903E-5
202 4.1198501872659175E-5
203 4.868913857677903E-5
204 5.617977528089888E-5
205 4.4943820224719104E-5
206 8.239700374531835E-5
207 4.1198501872659175E-5
208 3.745318352059925E-5
209 5.99250936329588E-5
210 4.1198501872659175E-5
211 2.2471910112359552E-5
212 5.99250936329588E-5
213 2.2471910112359552E-5
214 2.99625468164794E-5
215 5.99250936329588E-5
216 4.4943820224719104E-5
217 2.6217228464419475E-5
218 4.1198501872659175E-5
219 2.99625468164794E-5
220 4.1198501872659175E-5
221 3.370786516853932E-5
222 2.2471910112359552E-5
223 2.99625468164794E-5
224 4.868913857677903E-5
225 2.2471910112359552E-5
226 2.6217228464419475E-5
227 3.745318352059925E-5
228 4.868913857677903E-5
229 1.8726591760299626E-5
230 4.4943820224719104E-5
231 3.745318352059925E-5
232 2.2471910112359552E-5
233 2.6217228464419475E-5
234 5.617977528089888E-5
235 2.2471910112359552E-5
236 1.1235955056179776E-5
237 2.99625468164794E-5
238 1.8726591760299626E-5
239 2.99625468164794E-5
240 4.1198501872659175E-5
241 3.370786516853932E-5
242 1.49812734082397E-5
243 2.2471910112359552E-5
244 4.868913857677903E-5
245 2.99625468164794E-5
246 1.49812734082397E-5
247 2.2471910112359552E-5
248 1.49812734082397E-5
249 2.2471910112359552E-5
250 1.49812734082397E-5
251 1.8726591760299626E-5
252 2.6217228464419475E-5
253 3.745318352059925E-6
254 1.8726591760299626E-5
255 3.745318352059925E-6
256 3.745318352059925E-6
257 1.49812734082397E-5
258 2.6217228464419475E-5
259 1.1235955056179776E-5
260 1.8726591760299626E-5
261 1.1235955056179776E-5
262 1.1235955056179776E-5
264 1.8726591760299626E-5
265 1.1235955056179776E-5
266 1.8726591760299626E-5
267 7.49063670411985E-6
268 1.1235955056179776E-5
269 1.49812734082397E-5
270 1.1235955056179776E-5
271 1.49812734082397E-5
272 3.745318352059925E-6
274 2.6217228464419475E-5
275 7.49063670411985E-6
276 3.745318352059925E-6
277 1.49812734082397E-5
279 3.745318352059925E-6
280 3.745318352059925E-6
281 3.745318352059925E-6
282 3.745318352059925E-6
283 1.1235955056179776E-5
284 3.745318352059925E-6
285 1.1235955056179776E-5
286 1.1235955056179776E-5
287 3.745318352059925E-6
288 3.745318352059925E-6
289 1.1235955056179776E-5
291 3.745318352059925E-6
292 1.49812734082397E-5
293 7.49063670411985E-6
295 1.1235955056179776E-5
298 1.1235955056179776E-5
299 3.745318352059925E-6
300 7.49063670411985E-6
303 3.745318352059925E-6
304 1.49812734082397E-5
305 7.49063670411985E-6
308 3.745318352059925E-6
310 3.745318352059925E-6
311 7.49063670411985E-6
312 3.745318352059925E-6
314 3.745318352059925E-6
315 1.49812734082397E-5
317 3.745318352059925E-6
318 1.1235955056179776E-5
322 7.49063670411985E-6
324 3.745318352059925E-6
325 7.49063670411985E-6
327 3.745318352059925E-6
328 3.745318352059925E-6
331 1.1235955056179776E-5
333 3.745318352059925E-6
335 3.745318352059925E-6
342 3.745318352059925E-6
346 3.745318352059925E-6
348 3.745318352059925E-6
351 7.49063670411985E-6
354 3.745318352059925E-6
356 3.745318352059925E-6
358 7.49063670411985E-6
363 3.745318352059925E-6
364 1.1235955056179776E-5
365 1.1235955056179776E-5
368 7.49063670411985E-6
372 3.745318352059925E-6
374 3.745318352059925E-6
378 7.49063670411985E-6
379 3.745318352059925E-6
380 1.49812734082397E-5
382 7.49063670411985E-6
384 3.745318352059925E-6
385 3.745318352059925E-6
386 1.49812734082397E-5
389 1.1235955056179776E-5
390 1.49812734082397E-5
392 3.745318352059925E-6
393 3.745318352059925E-6
395 1.1235955056179776E-5
396 7.49063670411985E-6
397 1.1235955056179776E-5
398 1.8726591760299626E-5
399 1.1235955056179776E-5
400 3.745318352059925E-6
401 7.49063670411985E-6
402 2.2471910112359552E-5
403 1.49812734082397E-5
404 7.49063670411985E-6
405 1.1235955056179776E-5
406 1.1235955056179776E-5
408 7.49063670411985E-6
409 1.8726591760299626E-5
410 7.49063670411985E-6
411 7.49063670411985E-6
412 1.1235955056179776E-5
414 7.49063670411985E-6
415 1.1235955056179776E-5
416 3.745318352059925E-6
417 1.1235955056179776E-5
418 3.745318352059925E-6
419 1.8726591760299626E-5
420 1.49812734082397E-5
421 1.49812734082397E-5
422 1.8726591760299626E-5
423 1.49812734082397E-5
424 1.49812734082397E-5
425 1.49812734082397E-5
426 2.6217228464419475E-5
427 1.1235955056179776E-5
428 7.49063670411985E-6
429 1.8726591760299626E-5
430 3.745318352059925E-6
431 1.1235955056179776E-5
432 3.745318352059925E-6
433 3.370786516853932E-5
434 1.49812734082397E-5
435 1.8726591760299626E-5
436 2.99625468164794E-5
437 2.2471910112359552E-5
438 7.49063670411985E-6
439 4.1198501872659175E-5
440 1.8726591760299626E-5
441 2.2471910112359552E-5
442 2.2471910112359552E-5
443 2.6217228464419475E-5
444 2.6217228464419475E-5
445 2.2471910112359552E-5
446 2.6217228464419475E-5
447 1.49812734082397E-5
448 2.99625468164794E-5
449 2.2471910112359552E-5
450 1.49812734082397E-5
451 4.4943820224719104E-5
452 3.370786516853932E-5
453 1.8726591760299626E-5
454 3.745318352059925E-6
455 1.49812734082397E-5
456 2.2471910112359552E-5
457 2.6217228464419475E-5
458 2.6217228464419475E-5
459 1.1235955056179776E-5
460 1.49812734082397E-5
461 3.370786516853932E-5
462 1.49812734082397E-5
463 1.1235955056179776E-5
464 1.8726591760299626E-5
465 2.6217228464419475E-5
466 2.2471910112359552E-5
467 3.370786516853932E-5
468 1.8726591760299626E-5
469 2.2471910112359552E-5
470 1.49812734082397E-5
471 2.2471910112359552E-5
472 2.6217228464419475E-5
473 1.8726591760299626E-5
474 2.6217228464419475E-5
475 3.370786516853932E-5
476 1.8726591760299626E-5
477 2.6217228464419475E-5
478 3.370786516853932E-5
479 2.99625468164794E-5
480 3.370786516853932E-5
481 3.370786516853932E-5
482 2.2471910112359552E-5
483 1.8726591760299626E-5
484 1.8726591760299626E-5
485 1.8726591760299626E-5
486 2.6217228464419475E-5
487 3.745318352059925E-5
488 2.6217228464419475E-5
489 2.6217228464419475E-5
490 4.1198501872659175E-5
491 2.2471910112359552E-5
492 2.6217228464419475E-5
493 2.6217228464419475E-5
494 1.8726591760299626E-5
495 2.99625468164794E-5
496 1.49812734082397E-5
497 2.99625468164794E-5
498 2.2471910112359552E-5
499 1.49812734082397E-5
500 4.1198501872659175E-5
501 2.2471910112359552E-5
502 7.49063670411985E-6
503 1.49812734082397E-5
504 2.2471910112359552E-5
505 1.1235955056179776E-5
506 3.370786516853932E-5
507 1.8726591760299626E-5
508 2.6217228464419475E-5
509 2.6217228464419475E-5
510 1.49812734082397E-5
511 2.2471910112359552E-5
512 1.1235955056179776E-5
513 2.99625468164794E-5
514 1.49812734082397E-5
515 1.1235955056179776E-5
516 4.1198501872659175E-5
517 2.6217228464419475E-5
518 2.6217228464419475E-5
519 1.8726591760299626E-5
520 2.2471910112359552E-5
521 1.49812734082397E-5
522 1.1235955056179776E-5
523 1.1235955056179776E-5
524 2.6217228464419475E-5
525 2.2471910112359552E-5
526 2.6217228464419475E-5
527 1.8726591760299626E-5
528 1.49812734082397E-5
529 2.99625468164794E-5
530 2.99625468164794E-5
531 2.2471910112359552E-5
532 3.370786516853932E-5
533 1.1235955056179776E-5
534 1.8726591760299626E-5
535 1.49812734082397E-5
536 3.745318352059925E-6
537 2.6217228464419475E-5
538 1.49812734082397E-5
539 1.1235955056179776E-5
540 1.1235955056179776E-5
541 2.2471910112359552E-5
542 1.49812734082397E-5
543 1.1235955056179776E-5
544 7.49063670411985E-6
545 2.2471910112359552E-5
546 1.49812734082397E-5
547 1.1235955056179776E-5
548 1.49812734082397E-5
549 2.2471910112359552E-5
550 1.49812734082397E-5
551 1.8726591760299626E-5
552 1.1235955056179776E-5
553 3.745318352059925E-5
554 1.1235955056179776E-5
555 1.8726591760299626E-5
556 7.49063670411985E-6
557 1.8726591760299626E-5
558 1.1235955056179776E-5
559 7.49063670411985E-6
560 1.8726591760299626E-5
561 1.49812734082397E-5
562 1.49812734082397E-5
563 1.1235955056179776E-5
564 1.1235955056179776E-5
565 7.49063670411985E-6
566 3.745318352059925E-6
567 7.49063670411985E-6
568 7.49063670411985E-6
569 1.49812734082397E-5
570 1.1235955056179776E-5
571 1.8726591760299626E-5
572 7.49063670411985E-6
574 7.49063670411985E-6
575 3.745318352059925E-6
576 7.49063670411985E-6
578 3.745318352059925E-6
579 1.1235955056179776E-5
581 1.1235955056179776E-5
583 3.745318352059925E-6
585 7.49063670411985E-6
588 7.49063670411985E-6
590 7.49063670411985E-6
591 1.49812734082397E-5
592 3.745318352059925E-6
593 7.49063670411985E-6
595 3.745318352059925E-6
596 1.1235955056179776E-5
597 7.49063670411985E-6
598 3.745318352059925E-6
599 3.745318352059925E-6
602 3.745318352059925E-6
603 7.49063670411985E-6
604 3.745318352059925E-6
608 3.745318352059925E-6
609 7.49063670411985E-6
610 3.745318352059925E-6
611 1.1235955056179776E-5
612 1.1235955056179776E-5
617 1.1235955056179776E-5
621 3.745318352059925E-6
622 7.49063670411985E-6
627 3.745318352059925E-6
629 3.745318352059925E-6
630 3.745318352059925E-6
633 3.745318352059925E-6
637 7.49063670411985E-6
641 3.745318352059925E-6
644 3.745318352059925E-6
648 3.745318352059925E-6
649 3.745318352059925E-6
650 3.745318352059925E-6
653 3.745318352059925E-6
654 3.745318352059925E-6
655 3.745318352059925E-6
657 7.49063670411985E-6
673 3.745318352059925E-6
679 3.745318352059925E-6