3.0
2.0747681214148277
12 0.14273353293413174
13 0.11480538922155689
14 0.09251796407185629
15 0.07633832335329341
16 0.06276347305389221
17 0.054389221556886226
18 0.045826347305389224
19 0.03979640718562874
20 0.033682634730538924
21 0.029335329341317367
22 0.02535928143712575
23 0.022347305389221556
24 0.019916167664670657
25 0.01770059880239521
26 0.015766467065868265
27 0.014134730538922155
28 0.012622754491017964
29 0.011664670658682635
30 0.010335329341317366
31 0.009559880239520958
32 0.008535928143712575
33 0.007892215568862276
34 0.0074491017964071855
35 0.006838323353293413
36 0.0063203592814371256
37 0.005410179640718563
38 0.00531437125748503
39 0.004898203592814372
40 0.004580838323353293
41 0.004398203592814371
42 0.003973053892215569
43 0.00375748502994012
44 0.003565868263473054
45 0.0031646706586826345
46 0.002976047904191617
47 0.002820359281437126
48 0.002562874251497006
49 0.00275748502994012
50 0.002404191616766467
51 0.0022634730538922156
52 0.0020568862275449104
53 0.0019940119760479044
54 0.0018053892215568862
55 0.001688622754491018
56 0.0016646706586826347
57 0.0015119760479041916
58 0.001559880239520958
59 0.0014461077844311377
60 0.0013532934131736526
61 0.0013592814371257485
62 0.0013353293413173653
63 0.0012095808383233533
64 0.0011167664670658683
65 0.0010449101796407186
66 0.0012215568862275449
67 0.0010359281437125748
68 9.790419161676647E-4
69 9.760479041916167E-4
70 8.682634730538923E-4
71 8.383233532934132E-4
72 8.293413173652694E-4
73 7.784431137724551E-4
74 7.005988023952096E-4
75 7.365269461077844E-4
76 6.586826347305389E-4
77 7.035928143712574E-4
78 5.898203592814371E-4
79 5.718562874251497E-4
80 6.437125748502994E-4
81 6.287425149700599E-4
82 5.209580838323354E-4
83 4.8203592814371256E-4
84 4.4011976047904193E-4
85 4.910179640718563E-4
86 4.520958083832335E-4
87 3.9221556886227544E-4
88 4.221556886227545E-4
89 4.7904191616766467E-4
90 4.191616766467066E-4
91 3.8922155688622754E-4
92 3.8023952095808384E-4
93 3.2335329341317366E-4
94 3.592814371257485E-4
95 3.2335329341317366E-4
96 3.3532934131736525E-4
97 3.3832335329341315E-4
98 2.934131736526946E-4
99 2.4850299401197603E-4
100 2.4550898203592813E-4
101 3.3532934131736525E-4
102 2.305389221556886E-4
103 2.604790419161677E-4
104 2.3952095808383233E-4
105 2.7844311377245507E-4
106 2.544910179640719E-4
107 3.083832335329341E-4
108 2.095808383233533E-4
109 2.155688622754491E-4
110 2.155688622754491E-4
111 1.8862275449101797E-4
112 2.7245508982035927E-4
113 1.9161676646706587E-4
114 1.9161676646706587E-4
115 1.7065868263473053E-4
116 1.9161676646706587E-4
117 2.0059880239520957E-4
118 1.9461077844311377E-4
119 1.55688622754491E-4
120 2.155688622754491E-4
121 1.7664670658682635E-4
122 2.0059880239520957E-4
123 1.7365269461077845E-4
124 1.497005988023952E-4
125 1.3772455089820359E-4
126 1.6766467065868263E-4
127 1.3772455089820359E-4
128 1.4071856287425148E-4
129 1.1676646706586827E-4
130 1.347305389221557E-4
131 1.1077844311377246E-4
132 1.526946107784431E-4
133 1.0179640718562875E-4
134 9.281437125748502E-5
135 9.880239520958083E-5
136 1.1976047904191617E-4
137 1.1976047904191617E-4
138 1.4071856287425148E-4
139 1.1976047904191617E-4
140 1.1077844311377246E-4
141 1.2574850299401196E-4
142 1.1676646706586827E-4
143 1.0179640718562875E-4
144 1.1377245508982036E-4
145 1.1976047904191617E-4
146 9.580838323353294E-5
147 1.1377245508982036E-4
148 8.383233532934131E-5
149 9.880239520958083E-5
150 7.78443113772455E-5
151 5.988023952095808E-5
152 7.78443113772455E-5
153 9.880239520958083E-5
154 8.982035928143712E-5
155 6.287425149700598E-5
156 1.1976047904191617E-4
157 9.281437125748502E-5
158 8.682634730538923E-5
159 5.089820359281437E-5
160 5.389221556886227E-5
161 8.682634730538923E-5
162 6.58682634730539E-5
163 6.58682634730539E-5
164 5.988023952095808E-5
165 6.58682634730539E-5
166 4.790419161676647E-5
167 4.790419161676647E-5
168 7.18562874251497E-5
169 5.089820359281437E-5
170 5.089820359281437E-5
171 7.48502994011976E-5
172 6.58682634730539E-5
173 4.790419161676647E-5
174 4.191616766467066E-5
175 7.48502994011976E-5
176 9.281437125748502E-5
177 3.592814371257485E-5
178 5.688622754491018E-5
179 5.688622754491018E-5
180 2.6946107784431136E-5
181 6.58682634730539E-5
182 4.491017964071856E-5
183 2.994011976047904E-5
184 4.491017964071856E-5
185 5.688622754491018E-5
186 2.994011976047904E-5
187 4.790419161676647E-5
188 3.592814371257485E-5
189 4.491017964071856E-5
190 6.58682634730539E-5
191 4.491017964071856E-5
192 2.6946107784431136E-5
193 4.790419161676647E-5
194 5.389221556886227E-5
195 3.592814371257485E-5
196 3.293413173652695E-5
197 3.293413173652695E-5
198 2.6946107784431136E-5
199 2.994011976047904E-5
200 4.491017964071856E-5
201 4.491017964071856E-5
202 2.3952095808383234E-5
203 1.1976047904191617E-5
204 3.592814371257485E-5
205 2.994011976047904E-5
206 2.994011976047904E-5
207 4.191616766467066E-5
208 2.095808383233533E-5
209 2.095808383233533E-5
210 3.293413173652695E-5
211 2.095808383233533E-5
212 2.095808383233533E-5
213 2.6946107784431136E-5
214 1.7964071856287426E-5
215 2.994011976047904E-5
216 2.095808383233533E-5
217 3.293413173652695E-5
218 1.1976047904191617E-5
219 2.6946107784431136E-5
220 1.497005988023952E-5
221 1.7964071856287426E-5
222 1.1976047904191617E-5
223 1.7964071856287426E-5
224 1.1976047904191617E-5
225 2.095808383233533E-5
226 1.497005988023952E-5
227 8.982035928143713E-6
228 1.7964071856287426E-5
229 1.497005988023952E-5
230 1.7964071856287426E-5
231 1.497005988023952E-5
232 5.9880239520958085E-6
233 1.497005988023952E-5
234 2.095808383233533E-5
235 1.497005988023952E-5
236 2.095808383233533E-5
237 1.7964071856287426E-5
238 8.982035928143713E-6
239 2.9940119760479042E-6
240 5.9880239520958085E-6
241 1.1976047904191617E-5
242 2.3952095808383234E-5
243 1.7964071856287426E-5
244 1.7964071856287426E-5
245 8.982035928143713E-6
246 1.497005988023952E-5
247 5.9880239520958085E-6
248 8.982035928143713E-6
249 5.9880239520958085E-6
250 1.1976047904191617E-5
251 5.9880239520958085E-6
252 8.982035928143713E-6
253 5.9880239520958085E-6
254 2.9940119760479042E-6
255 5.9880239520958085E-6
256 8.982035928143713E-6
257 2.9940119760479042E-6
258 1.497005988023952E-5
259 5.9880239520958085E-6
260 5.9880239520958085E-6
261 5.9880239520958085E-6
262 5.9880239520958085E-6
263 8.982035928143713E-6
264 1.1976047904191617E-5
265 2.9940119760479042E-6
266 2.9940119760479042E-6
267 8.982035928143713E-6
268 2.9940119760479042E-6
269 8.982035928143713E-6
270 2.9940119760479042E-6
271 5.9880239520958085E-6
272 2.9940119760479042E-6
273 5.9880239520958085E-6
275 5.9880239520958085E-6
276 2.9940119760479042E-6
277 2.9940119760479042E-6
278 2.9940119760479042E-6
279 5.9880239520958085E-6
281 5.9880239520958085E-6
283 5.9880239520958085E-6
284 5.9880239520958085E-6
285 2.9940119760479042E-6
286 2.9940119760479042E-6
288 2.9940119760479042E-6
289 5.9880239520958085E-6
290 5.9880239520958085E-6
291 5.9880239520958085E-6
292 8.982035928143713E-6
293 2.9940119760479042E-6
294 2.9940119760479042E-6
295 2.9940119760479042E-6
296 2.9940119760479042E-6
298 2.9940119760479042E-6
299 2.9940119760479042E-6
300 5.9880239520958085E-6
302 2.9940119760479042E-6
303 2.9940119760479042E-6
304 2.9940119760479042E-6
305 2.9940119760479042E-6
306 2.9940119760479042E-6
307 5.9880239520958085E-6
308 2.9940119760479042E-6
309 2.9940119760479042E-6
310 8.982035928143713E-6
311 2.9940119760479042E-6
312 2.9940119760479042E-6
313 5.9880239520958085E-6
314 2.9940119760479042E-6
315 5.9880239520958085E-6
317 2.9940119760479042E-6
318 5.9880239520958085E-6
319 2.9940119760479042E-6
321 5.9880239520958085E-6
322 2.9940119760479042E-6
323 2.9940119760479042E-6
324 2.9940119760479042E-6
325 5.9880239520958085E-6
327 2.9940119760479042E-6
328 5.9880239520958085E-6
329 2.9940119760479042E-6
331 2.9940119760479042E-6
332 2.9940119760479042E-6
333 5.9880239520958085E-6
334 5.9880239520958085E-6
335 1.497005988023952E-5
336 1.497005988023952E-5
337 5.9880239520958085E-6
338 8.982035928143713E-6
339 2.9940119760479042E-6
340 2.9940119760479042E-6
343 5.9880239520958085E-6
344 8.982035928143713E-6
345 1.1976047904191617E-5
346 8.982035928143713E-6
347 5.9880239520958085E-6
348 2.9940119760479042E-6
349 5.9880239520958085E-6
350 1.1976047904191617E-5
351 8.982035928143713E-6
352 1.1976047904191617E-5
353 1.1976047904191617E-5
354 1.1976047904191617E-5
355 2.9940119760479042E-6
356 5.9880239520958085E-6
357 1.1976047904191617E-5
358 8.982035928143713E-6
359 5.9880239520958085E-6
360 2.095808383233533E-5
361 5.9880239520958085E-6
362 5.9880239520958085E-6
363 1.1976047904191617E-5
364 5.9880239520958085E-6
365 5.9880239520958085E-6
366 1.1976047904191617E-5
367 1.1976047904191617E-5
368 2.994011976047904E-5
369 2.9940119760479042E-6
370 2.9940119760479042E-6
371 8.982035928143713E-6
372 2.3952095808383234E-5
373 1.1976047904191617E-5
374 2.095808383233533E-5
375 1.7964071856287426E-5
376 8.982035928143713E-6
377 1.497005988023952E-5
378 1.7964071856287426E-5
379 1.1976047904191617E-5
380 1.7964071856287426E-5
381 1.1976047904191617E-5
382 1.1976047904191617E-5
383 5.9880239520958085E-6
384 2.095808383233533E-5
385 8.982035928143713E-6
386 1.1976047904191617E-5
387 8.982035928143713E-6
388 1.497005988023952E-5
390 2.095808383233533E-5
391 1.1976047904191617E-5
392 2.095808383233533E-5
393 2.095808383233533E-5
394 5.9880239520958085E-6
395 1.1976047904191617E-5
396 1.7964071856287426E-5
397 1.1976047904191617E-5
398 1.1976047904191617E-5
399 2.095808383233533E-5
400 2.095808383233533E-5
401 2.095808383233533E-5
402 5.9880239520958085E-6
403 1.7964071856287426E-5
404 1.497005988023952E-5
405 8.982035928143713E-6
406 1.1976047904191617E-5
407 2.095808383233533E-5
408 2.3952095808383234E-5
409 1.497005988023952E-5
410 2.6946107784431136E-5
411 4.491017964071856E-5
412 1.497005988023952E-5
414 8.982035928143713E-6
415 1.7964071856287426E-5
416 8.982035928143713E-6
417 2.095808383233533E-5
418 2.3952095808383234E-5
419 3.592814371257485E-5
420 8.982035928143713E-6
421 2.3952095808383234E-5
422 1.497005988023952E-5
423 2.994011976047904E-5
424 1.497005988023952E-5
425 2.6946107784431136E-5
426 2.095808383233533E-5
427 8.982035928143713E-6
428 8.982035928143713E-6
429 8.982035928143713E-6
430 2.6946107784431136E-5
431 4.491017964071856E-5
432 2.095808383233533E-5
433 2.6946107784431136E-5
434 1.7964071856287426E-5
435 2.994011976047904E-5
436 2.095808383233533E-5
437 2.095808383233533E-5
438 2.3952095808383234E-5
439 2.3952095808383234E-5
440 8.982035928143713E-6
441 1.7964071856287426E-5
442 2.095808383233533E-5
443 2.9940119760479042E-6
444 2.6946107784431136E-5
445 2.3952095808383234E-5
446 1.7964071856287426E-5
447 8.982035928143713E-6
448 1.7964071856287426E-5
449 2.6946107784431136E-5
450 2.095808383233533E-5
451 2.994011976047904E-5
452 2.3952095808383234E-5
453 1.497005988023952E-5
454 1.1976047904191617E-5
455 2.6946107784431136E-5
456 2.3952095808383234E-5
457 5.9880239520958085E-6
458 1.7964071856287426E-5
459 1.7964071856287426E-5
460 8.982035928143713E-6
461 5.9880239520958085E-6
462 2.095808383233533E-5
463 1.7964071856287426E-5
464 2.095808383233533E-5
465 1.7964071856287426E-5
466 2.095808383233533E-5
467 8.982035928143713E-6
468 1.497005988023952E-5
469 1.7964071856287426E-5
470 5.9880239520958085E-6
471 1.7964071856287426E-5
472 2.095808383233533E-5
473 3.293413173652695E-5
474 1.497005988023952E-5
475 1.7964071856287426E-5
476 2.095808383233533E-5
477 1.7964071856287426E-5
478 5.9880239520958085E-6
479 1.497005988023952E-5
481 8.982035928143713E-6
482 2.3952095808383234E-5
483 1.7964071856287426E-5
484 2.6946107784431136E-5
485 1.1976047904191617E-5
486 5.9880239520958085E-6
487 1.497005988023952E-5
488 1.1976047904191617E-5
489 1.1976047904191617E-5
490 1.1976047904191617E-5
491 1.7964071856287426E-5
492 1.7964071856287426E-5
493 1.1976047904191617E-5
494 8.982035928143713E-6
495 8.982035928143713E-6
496 5.9880239520958085E-6
497 5.9880239520958085E-6
498 1.497005988023952E-5
499 1.7964071856287426E-5
500 1.497005988023952E-5
501 8.982035928143713E-6
502 5.9880239520958085E-6
503 5.9880239520958085E-6
504 2.9940119760479042E-6
505 5.9880239520958085E-6
506 5.9880239520958085E-6
508 8.982035928143713E-6
509 8.982035928143713E-6
510 1.7964071856287426E-5
512 1.1976047904191617E-5
513 5.9880239520958085E-6
514 2.095808383233533E-5
515 5.9880239520958085E-6
516 1.497005988023952E-5
517 2.9940119760479042E-6
518 5.9880239520958085E-6
519 2.9940119760479042E-6
520 8.982035928143713E-6
521 1.1976047904191617E-5
522 5.9880239520958085E-6
523 2.9940119760479042E-6
524 5.9880239520958085E-6
525 2.9940119760479042E-6
527 2.9940119760479042E-6
529 5.9880239520958085E-6
533 1.1976047904191617E-5
534 5.9880239520958085E-6
535 8.982035928143713E-6
536 8.982035928143713E-6
537 8.982035928143713E-6
538 5.9880239520958085E-6
539 8.982035928143713E-6
540 5.9880239520958085E-6
541 5.9880239520958085E-6
542 8.982035928143713E-6
544 2.9940119760479042E-6
545 2.9940119760479042E-6
546 5.9880239520958085E-6
547 2.9940119760479042E-6
548 2.9940119760479042E-6
549 1.1976047904191617E-5
550 8.982035928143713E-6
551 5.9880239520958085E-6
553 8.982035928143713E-6
554 2.9940119760479042E-6
555 2.9940119760479042E-6
556 2.9940119760479042E-6
559 2.9940119760479042E-6
560 5.9880239520958085E-6
568 2.9940119760479042E-6
569 2.9940119760479042E-6
570 2.9940119760479042E-6
578 5.9880239520958085E-6
579 2.9940119760479042E-6
580 2.9940119760479042E-6
581 2.9940119760479042E-6
584 2.9940119760479042E-6
585 2.9940119760479042E-6
587 2.9940119760479042E-6
595 2.9940119760479042E-6
596 2.9940119760479042E-6
599 2.9940119760479042E-6
601 2.9940119760479042E-6
603 2.9940119760479042E-6
606 2.9940119760479042E-6
608 2.9940119760479042E-6
632 2.9940119760479042E-6
639 2.9940119760479042E-6
645 2.9940119760479042E-6