3.923
2.284240280561124
10 0.166488
11 0.12864
12 0.100548
13 0.080508
14 0.065354
15 0.053622
16 0.044878
17 0.037728
18 0.031836
19 0.027918
20 0.023678
21 0.020662
22 0.017892
23 0.016096
24 0.014496
25 0.012522
26 0.011244
27 0.010236
28 0.009072
29 0.008318
30 0.007296
31 0.006792
32 0.006196
33 0.005662
34 0.005138
35 0.004602
36 0.004326
37 0.003888
38 0.003758
39 0.00346
40 0.003172
41 0.002906
42 0.0027
43 0.002632
44 0.002508
45 0.002258
46 0.002108
47 0.002098
48 0.001784
49 0.00179
50 0.001738
51 0.001532
52 0.0015
53 0.001448
54 0.001378
55 0.001262
56 0.001122
57 0.001116
58 0.001072
59 9.82E-4
60 0.001032
61 8.46E-4
62 8.86E-4
63 8.36E-4
64 8.02E-4
65 7.36E-4
66 7.04E-4
67 6.6E-4
68 6.9E-4
69 6.08E-4
70 6.26E-4
71 5.9E-4
72 5.74E-4
73 4.84E-4
74 5.6E-4
75 5.26E-4
76 4.98E-4
77 4.12E-4
78 4.0E-4
79 4.04E-4
80 4.38E-4
81 4.54E-4
82 4.16E-4
83 3.78E-4
84 3.38E-4
85 3.42E-4
86 2.82E-4
87 3.18E-4
88 3.02E-4
89 2.94E-4
90 2.98E-4
91 2.6E-4
92 2.54E-4
93 2.46E-4
94 2.74E-4
95 2.68E-4
96 2.52E-4
97 2.74E-4
98 2.48E-4
99 2.0E-4
100 1.64E-4
101 2.02E-4
102 2.08E-4
103 2.04E-4
104 1.88E-4
105 1.66E-4
106 2.08E-4
107 1.86E-4
108 1.46E-4
109 1.56E-4
110 1.6E-4
111 1.54E-4
112 1.12E-4
113 1.52E-4
114 1.54E-4
115 1.36E-4
116 1.32E-4
117 1.06E-4
118 1.58E-4
119 1.38E-4
120 1.18E-4
121 1.28E-4
122 1.12E-4
123 1.08E-4
124 1.14E-4
125 1.04E-4
126 1.3E-4
127 1.04E-4
128 1.12E-4
129 1.02E-4
130 1.04E-4
131 1.08E-4
132 9.2E-5
133 8.8E-5
134 8.4E-5
135 8.6E-5
136 1.04E-4
137 6.6E-5
138 7.0E-5
139 8.2E-5
140 1.06E-4
141 6.6E-5
142 7.8E-5
143 6.6E-5
144 9.0E-5
145 1.02E-4
146 7.6E-5
147 9.2E-5
148 8.4E-5
149 7.4E-5
150 5.4E-5
151 4.2E-5
152 4.6E-5
153 6.0E-5
154 6.0E-5
155 5.2E-5
156 6.0E-5
157 6.0E-5
158 4.0E-5
159 4.8E-5
160 6.0E-5
161 5.4E-5
162 4.0E-5
163 5.4E-5
164 5.4E-5
165 6.0E-5
166 4.2E-5
167 4.4E-5
168 3.4E-5
169 4.2E-5
170 4.8E-5
171 5.0E-5
172 3.6E-5
173 4.8E-5
174 4.0E-5
175 2.6E-5
176 1.8E-5
177 3.2E-5
178 3.4E-5
179 3.8E-5
180 5.2E-5
181 3.8E-5
182 2.8E-5
183 2.8E-5
184 3.8E-5
185 3.4E-5
186 3.8E-5
187 2.4E-5
188 4.0E-5
189 2.4E-5
190 2.8E-5
191 3.0E-5
192 2.6E-5
193 2.6E-5
194 2.8E-5
195 3.8E-5
196 2.0E-5
197 2.6E-5
198 1.6E-5
199 2.2E-5
200 2.0E-5
201 2.0E-5
202 3.4E-5
203 2.8E-5
204 1.8E-5
205 2.0E-5
206 1.8E-5
207 1.4E-5
208 2.6E-5
209 2.6E-5
210 1.0E-5
211 3.6E-5
212 2.2E-5
213 1.0E-5
214 1.4E-5
215 1.2E-5
216 1.2E-5
217 1.4E-5
218 1.4E-5
219 1.4E-5
220 1.4E-5
221 1.4E-5
222 1.2E-5
223 1.6E-5
224 1.6E-5
225 2.0E-5
226 1.2E-5
227 4.0E-6
228 1.8E-5
229 2.0E-5
230 1.2E-5
231 8.0E-6
232 6.0E-6
233 1.6E-5
234 8.0E-6
235 8.0E-6
236 6.0E-6
237 1.2E-5
238 8.0E-6
239 2.0E-6
240 1.0E-5
241 4.0E-6
242 1.2E-5
243 8.0E-6
244 8.0E-6
245 1.0E-5
246 6.0E-6
247 4.0E-6
248 1.0E-5
249 1.4E-5
250 1.0E-5
251 6.0E-6
252 4.0E-6
253 8.0E-6
254 6.0E-6
255 2.0E-6
256 1.0E-5
257 1.2E-5
258 8.0E-6
259 1.2E-5
260 4.0E-6
261 8.0E-6
262 2.0E-6
263 1.0E-5
264 6.0E-6
265 1.2E-5
266 4.0E-6
268 4.0E-6
269 2.0E-6
270 6.0E-6
271 2.0E-6
272 6.0E-6
273 2.0E-6
274 6.0E-6
275 2.0E-6
276 4.0E-6
277 6.0E-6
278 4.0E-6
280 4.0E-6
281 2.0E-6
282 8.0E-6
283 2.0E-6
284 8.0E-6
285 4.0E-6
287 4.0E-6
288 6.0E-6
289 8.0E-6
290 4.0E-6
292 2.0E-6
293 4.0E-6
294 4.0E-6
295 2.0E-6
296 2.0E-6
298 2.0E-6
299 2.0E-6
300 2.0E-6
301 2.0E-6
302 4.0E-6
303 6.0E-6
304 1.0E-5
305 2.0E-6
307 6.0E-6
308 2.0E-6
311 6.0E-6
312 2.0E-6
313 2.0E-6
314 1.2E-5
316 6.0E-6
318 4.0E-6
319 6.0E-6
320 2.0E-6
322 4.0E-6
323 6.0E-6
324 6.0E-6
325 6.0E-6
326 4.0E-6
327 8.0E-6
328 6.0E-6
329 6.0E-6
330 2.0E-6
331 6.0E-6
333 4.0E-6
334 2.0E-6
335 6.0E-6
336 4.0E-6
337 4.0E-6
339 1.2E-5
340 4.0E-6
341 1.2E-5
342 4.0E-6
343 4.0E-6
344 6.0E-6
346 2.0E-6
348 6.0E-6
349 6.0E-6
350 4.0E-6
351 6.0E-6
352 4.0E-6
354 8.0E-6
355 2.0E-6
356 4.0E-6
357 4.0E-6
358 1.0E-5
359 1.4E-5
362 8.0E-6
363 8.0E-6
364 8.0E-6
365 1.2E-5
366 6.0E-6
367 8.0E-6
368 4.0E-6
369 1.2E-5
370 8.0E-6
371 1.2E-5
372 2.0E-6
373 6.0E-6
374 1.0E-5
375 2.0E-6
376 8.0E-6
377 1.2E-5
378 1.6E-5
379 1.4E-5
380 1.4E-5
381 4.0E-6
382 8.0E-6
383 6.0E-6
384 8.0E-6
385 8.0E-6
386 8.0E-6
387 8.0E-6
388 1.0E-5
389 8.0E-6
390 2.0E-6
391 8.0E-6
392 4.0E-6
393 1.6E-5
394 8.0E-6
395 1.2E-5
396 6.0E-6
397 1.0E-5
398 6.0E-6
399 2.0E-5
400 2.0E-6
401 1.2E-5
402 1.2E-5
403 1.2E-5
404 1.2E-5
405 2.0E-6
406 8.0E-6
407 1.4E-5
408 1.2E-5
409 1.0E-5
410 6.0E-6
411 1.4E-5
412 2.0E-5
413 1.0E-5
414 1.2E-5
415 1.6E-5
416 1.4E-5
417 1.0E-5
418 1.8E-5
419 1.2E-5
420 2.2E-5
421 1.2E-5
422 1.0E-5
423 6.0E-6
424 8.0E-6
425 8.0E-6
426 8.0E-6
427 8.0E-6
428 1.0E-5
429 1.2E-5
430 1.4E-5
431 1.2E-5
432 1.2E-5
433 8.0E-6
434 6.0E-6
435 1.0E-5
436 1.6E-5
437 2.0E-5
438 1.0E-5
439 1.2E-5
440 1.6E-5
441 6.0E-6
442 1.4E-5
443 1.2E-5
444 1.4E-5
445 2.4E-5
446 2.0E-5
447 8.0E-6
448 8.0E-6
449 1.2E-5
450 1.2E-5
451 6.0E-6
452 1.0E-5
453 4.0E-6
454 1.0E-5
455 6.0E-6
456 1.2E-5
457 1.2E-5
458 1.2E-5
459 1.4E-5
460 4.0E-6
461 1.4E-5
462 8.0E-6
463 1.0E-5
464 1.6E-5
465 1.2E-5
466 4.0E-6
467 1.6E-5
468 1.4E-5
469 1.0E-5
470 1.2E-5
471 1.2E-5
472 6.0E-6
473 1.0E-5
474 6.0E-6
475 2.0E-5
476 4.0E-6
477 6.0E-6
478 6.0E-6
479 8.0E-6
480 6.0E-6
481 6.0E-6
482 6.0E-6
483 1.2E-5
484 6.0E-6
485 1.2E-5
486 1.2E-5
487 1.4E-5
488 6.0E-6
489 4.0E-6
490 6.0E-6
491 4.0E-6
492 1.8E-5
493 1.0E-5
494 8.0E-6
495 4.0E-6
496 6.0E-6
497 1.4E-5
498 1.0E-5
499 1.4E-5
500 6.0E-6
501 6.0E-6
502 6.0E-6
504 1.2E-5
505 2.0E-6
506 6.0E-6
507 6.0E-6
508 1.4E-5
509 2.0E-6
510 2.0E-6
511 6.0E-6
512 8.0E-6
513 1.2E-5
514 8.0E-6
515 6.0E-6
516 4.0E-6
517 6.0E-6
518 1.0E-5
519 1.0E-5
520 2.0E-6
521 6.0E-6
522 4.0E-6
523 1.6E-5
524 8.0E-6
525 4.0E-6
526 6.0E-6
527 6.0E-6
528 1.0E-5
529 2.0E-6
530 4.0E-6
531 1.2E-5
532 2.0E-6
533 4.0E-6
534 6.0E-6
535 4.0E-6
536 6.0E-6
537 2.0E-6
538 4.0E-6
539 6.0E-6
540 4.0E-6
541 2.0E-6
542 4.0E-6
543 4.0E-6
544 4.0E-6
545 6.0E-6
546 6.0E-6
549 2.0E-6
550 6.0E-6
551 6.0E-6
552 4.0E-6
553 2.0E-6
554 2.0E-6
558 4.0E-6
560 4.0E-6
564 6.0E-6
565 2.0E-6
566 2.0E-6
568 6.0E-6
569 4.0E-6
570 2.0E-6
571 2.0E-6
572 2.0E-6
574 2.0E-6
575 4.0E-6
576 2.0E-6
577 4.0E-6
578 2.0E-6
581 4.0E-6
584 8.0E-6
588 2.0E-6
589 2.0E-6
591 2.0E-6
592 2.0E-6
594 2.0E-6
599 2.0E-6
600 2.0E-6
603 2.0E-6
605 2.0E-6
640 2.0E-6
649 2.0E-6
654 2.0E-6
693 2.0E-6