3.999
2.3371782025598202
10 0.16621666666666668
11 0.12812166666666666
12 0.101025
13 0.08029666666666667
14 0.06526833333333333
15 0.054213333333333336
16 0.04526
17 0.0373
18 0.032418333333333334
19 0.027696666666666668
20 0.023855
21 0.020808333333333335
22 0.01816
23 0.016085
24 0.014036666666666666
25 0.012713333333333333
26 0.011148333333333333
27 0.010163333333333333
28 0.008905
29 0.008393333333333333
30 0.007175
31 0.00671
32 0.00612
33 0.0053816666666666665
34 0.005031666666666667
35 0.004661666666666666
36 0.0044083333333333335
37 0.004078333333333333
38 0.003635
39 0.0033916666666666665
40 0.00319
41 0.002985
42 0.00288
43 0.0026983333333333334
44 0.002295
45 0.0022833333333333334
46 0.0021983333333333334
47 0.0019483333333333334
48 0.0018333333333333333
49 0.00185
50 0.001725
51 0.0015566666666666667
52 0.0014783333333333332
53 0.0013616666666666666
54 0.00126
55 0.00118
56 0.0011166666666666666
57 0.0010833333333333333
58 0.0010866666666666668
59 9.833333333333332E-4
60 9.833333333333332E-4
61 9.716666666666667E-4
62 8.5E-4
63 8.866666666666667E-4
64 8.083333333333333E-4
65 8.033333333333333E-4
66 7.533333333333333E-4
67 6.933333333333333E-4
68 7.066666666666666E-4
69 7.083333333333334E-4
70 5.6E-4
71 6.35E-4
72 5.7E-4
73 5.466666666666667E-4
74 5.733333333333334E-4
75 4.4E-4
76 4.8166666666666665E-4
77 4.916666666666666E-4
78 4.45E-4
79 4.316666666666667E-4
80 4.0333333333333334E-4
81 3.8666666666666667E-4
82 4.35E-4
83 3.5E-4
84 3.8166666666666666E-4
85 3.283333333333333E-4
86 3.316666666666667E-4
87 3.333333333333333E-4
88 2.866666666666667E-4
89 3.066666666666667E-4
90 2.466666666666667E-4
91 2.9666666666666665E-4
92 2.9666666666666665E-4
93 2.483333333333333E-4
94 2.716666666666667E-4
95 2.7E-4
96 2.2166666666666667E-4
97 2.2166666666666667E-4
98 2.5E-4
99 2.0833333333333335E-4
100 2.05E-4
101 1.8E-4
102 1.8666666666666666E-4
103 1.4666666666666666E-4
104 2.0E-4
105 2.1333333333333333E-4
106 1.75E-4
107 1.75E-4
108 1.6E-4
109 1.6333333333333334E-4
110 1.4166666666666668E-4
111 1.6333333333333334E-4
112 1.5833333333333332E-4
113 1.6333333333333334E-4
114 1.55E-4
115 1.45E-4
116 1.6E-4
117 1.45E-4
118 1.2666666666666666E-4
119 1.4166666666666668E-4
120 8.833333333333333E-5
121 1.2333333333333334E-4
122 1.2333333333333334E-4
123 8.666666666666667E-5
124 1.1166666666666667E-4
125 1.1166666666666667E-4
126 1.1333333333333333E-4
127 1.0E-4
128 1.25E-4
129 1.15E-4
130 8.5E-5
131 1.1833333333333333E-4
132 1.1E-4
133 9.0E-5
134 8.5E-5
135 6.833333333333333E-5
136 1.0333333333333333E-4
137 7.166666666666667E-5
138 8.666666666666667E-5
139 7.5E-5
140 8.0E-5
141 8.666666666666667E-5
142 6.5E-5
143 6.5E-5
144 7.166666666666667E-5
145 7.333333333333333E-5
146 4.3333333333333334E-5
147 7.0E-5
148 5.5E-5
149 5.6666666666666664E-5
150 6.5E-5
151 6.333333333333333E-5
152 7.333333333333333E-5
153 6.0E-5
154 5.833333333333333E-5
155 4.3333333333333334E-5
156 4.8333333333333334E-5
157 4.0E-5
158 4.5E-5
159 5.333333333333333E-5
160 4.5E-5
161 5.6666666666666664E-5
162 3.8333333333333334E-5
163 5.1666666666666664E-5
164 3.5E-5
165 4.8333333333333334E-5
166 7.666666666666667E-5
167 4.5E-5
168 3.1666666666666666E-5
169 4.0E-5
170 4.3333333333333334E-5
171 4.0E-5
172 4.1666666666666665E-5
173 4.6666666666666665E-5
174 4.6666666666666665E-5
175 3.0E-5
176 3.6666666666666666E-5
177 2.5E-5
178 4.0E-5
179 3.1666666666666666E-5
180 3.3333333333333335E-5
181 3.6666666666666666E-5
182 4.3333333333333334E-5
183 2.8333333333333332E-5
184 3.8333333333333334E-5
185 2.8333333333333332E-5
186 3.0E-5
187 3.8333333333333334E-5
188 2.1666666666666667E-5
189 2.8333333333333332E-5
190 2.6666666666666667E-5
191 2.1666666666666667E-5
192 3.1666666666666666E-5
193 4.3333333333333334E-5
194 2.6666666666666667E-5
195 3.3333333333333335E-5
196 2.3333333333333332E-5
197 2.8333333333333332E-5
198 2.6666666666666667E-5
199 1.8333333333333333E-5
200 2.5E-5
201 2.0E-5
202 3.0E-5
203 2.3333333333333332E-5
204 2.6666666666666667E-5
205 1.6666666666666667E-5
206 2.0E-5
207 3.5E-5
208 4.0E-5
209 2.0E-5
210 2.1666666666666667E-5
211 1.8333333333333333E-5
212 1.0E-5
213 2.3333333333333332E-5
214 2.5E-5
215 1.6666666666666667E-5
216 2.8333333333333332E-5
217 2.6666666666666667E-5
218 1.6666666666666667E-5
219 1.6666666666666667E-5
220 1.3333333333333333E-5
221 1.1666666666666666E-5
222 2.0E-5
223 2.0E-5
224 1.5E-5
225 2.5E-5
226 2.0E-5
227 1.1666666666666666E-5
228 1.6666666666666667E-5
229 1.5E-5
230 1.3333333333333333E-5
231 1.5E-5
232 1.1666666666666666E-5
233 1.1666666666666666E-5
234 1.0E-5
235 6.666666666666667E-6
236 1.8333333333333333E-5
237 1.1666666666666666E-5
238 1.1666666666666666E-5
239 8.333333333333334E-6
240 1.8333333333333333E-5
241 1.3333333333333333E-5
242 1.1666666666666666E-5
243 3.3333333333333333E-6
244 1.6666666666666667E-5
245 1.6666666666666667E-5
246 1.0E-5
247 5.0E-6
248 1.0E-5
250 1.0E-5
251 1.6666666666666667E-5
252 6.666666666666667E-6
253 6.666666666666667E-6
254 6.666666666666667E-6
255 1.8333333333333333E-5
256 8.333333333333334E-6
257 1.0E-5
258 8.333333333333334E-6
259 1.0E-5
260 5.0E-6
261 3.3333333333333333E-6
262 8.333333333333334E-6
263 8.333333333333334E-6
264 1.1666666666666666E-5
265 6.666666666666667E-6
266 5.0E-6
267 6.666666666666667E-6
268 1.0E-5
269 5.0E-6
270 8.333333333333334E-6
271 6.666666666666667E-6
272 1.6666666666666667E-6
273 6.666666666666667E-6
274 8.333333333333334E-6
276 3.3333333333333333E-6
278 6.666666666666667E-6
279 5.0E-6
280 3.3333333333333333E-6
281 6.666666666666667E-6
282 6.666666666666667E-6
283 5.0E-6
284 6.666666666666667E-6
285 8.333333333333334E-6
286 3.3333333333333333E-6
288 3.3333333333333333E-6
289 3.3333333333333333E-6
290 5.0E-6
291 3.3333333333333333E-6
292 1.6666666666666667E-6
293 5.0E-6
294 1.6666666666666667E-6
295 1.6666666666666667E-6
297 8.333333333333334E-6
298 1.6666666666666667E-6
299 8.333333333333334E-6
300 3.3333333333333333E-6
302 1.1666666666666666E-5
303 3.3333333333333333E-6
304 3.3333333333333333E-6
306 5.0E-6
307 3.3333333333333333E-6
309 8.333333333333334E-6
310 3.3333333333333333E-6
311 1.6666666666666667E-6
312 6.666666666666667E-6
314 6.666666666666667E-6
315 3.3333333333333333E-6
316 3.3333333333333333E-6
318 1.6666666666666667E-6
319 5.0E-6
320 5.0E-6
321 6.666666666666667E-6
322 5.0E-6
323 1.6666666666666667E-6
324 1.6666666666666667E-6
325 3.3333333333333333E-6
326 3.3333333333333333E-6
330 1.6666666666666667E-6
331 5.0E-6
332 5.0E-6
335 1.6666666666666667E-6
336 5.0E-6
338 5.0E-6
340 3.3333333333333333E-6
341 3.3333333333333333E-6
342 1.6666666666666667E-6
343 1.6666666666666667E-6
344 6.666666666666667E-6
346 3.3333333333333333E-6
347 5.0E-6
349 5.0E-6
350 5.0E-6
351 5.0E-6
352 1.6666666666666667E-6
353 6.666666666666667E-6
354 1.6666666666666667E-6
355 3.3333333333333333E-6
357 3.3333333333333333E-6
358 5.0E-6
359 5.0E-6
360 5.0E-6
362 3.3333333333333333E-6
363 3.3333333333333333E-6
364 5.0E-6
365 5.0E-6
366 1.6666666666666667E-6
367 1.6666666666666667E-6
368 1.6666666666666667E-6
369 1.6666666666666667E-6
370 6.666666666666667E-6
371 6.666666666666667E-6
372 1.6666666666666667E-6
374 5.0E-6
375 1.6666666666666667E-6
376 3.3333333333333333E-6
377 6.666666666666667E-6
378 5.0E-6
379 3.3333333333333333E-6
380 1.6666666666666667E-6
381 8.333333333333334E-6
382 1.6666666666666667E-6
383 1.6666666666666667E-6
384 1.6666666666666667E-6
385 3.3333333333333333E-6
387 1.6666666666666667E-6
389 6.666666666666667E-6
390 1.6666666666666667E-6
391 1.0E-5
392 6.666666666666667E-6
393 3.3333333333333333E-6
394 1.6666666666666667E-6
395 1.0E-5
396 6.666666666666667E-6
397 5.0E-6
398 3.3333333333333333E-6
399 1.1666666666666666E-5
400 3.3333333333333333E-6
401 1.0E-5
402 3.3333333333333333E-6
403 6.666666666666667E-6
404 3.3333333333333333E-6
405 1.0E-5
406 8.333333333333334E-6
407 6.666666666666667E-6
408 1.6666666666666667E-6
409 8.333333333333334E-6
410 8.333333333333334E-6
411 8.333333333333334E-6
412 1.6666666666666667E-6
413 1.1666666666666666E-5
415 5.0E-6
416 3.3333333333333333E-6
417 8.333333333333334E-6
418 6.666666666666667E-6
419 6.666666666666667E-6
420 5.0E-6
421 6.666666666666667E-6
422 8.333333333333334E-6
423 6.666666666666667E-6
424 5.0E-6
425 6.666666666666667E-6
426 1.5E-5
427 6.666666666666667E-6
428 3.3333333333333333E-6
429 1.6666666666666667E-6
430 6.666666666666667E-6
431 8.333333333333334E-6
432 3.3333333333333333E-6
433 8.333333333333334E-6
434 5.0E-6
435 8.333333333333334E-6
436 6.666666666666667E-6
437 1.3333333333333333E-5
438 1.6666666666666667E-6
439 1.6666666666666667E-6
440 5.0E-6
441 3.3333333333333333E-6
442 3.3333333333333333E-6
443 3.3333333333333333E-6
444 3.3333333333333333E-6
445 1.3333333333333333E-5
446 8.333333333333334E-6
447 1.0E-5
448 8.333333333333334E-6
450 5.0E-6
451 6.666666666666667E-6
452 3.3333333333333333E-6
453 1.8333333333333333E-5
454 1.0E-5
455 8.333333333333334E-6
456 6.666666666666667E-6
457 1.1666666666666666E-5
458 6.666666666666667E-6
459 8.333333333333334E-6
460 1.1666666666666666E-5
461 6.666666666666667E-6
462 5.0E-6
463 8.333333333333334E-6
464 6.666666666666667E-6
465 1.1666666666666666E-5
466 1.3333333333333333E-5
467 1.6666666666666667E-6
468 1.1666666666666666E-5
469 1.3333333333333333E-5
470 1.0E-5
471 6.666666666666667E-6
472 1.3333333333333333E-5
473 6.666666666666667E-6
474 5.0E-6
475 5.0E-6
476 1.0E-5
477 3.3333333333333333E-6
478 1.0E-5
479 6.666666666666667E-6
480 1.3333333333333333E-5
481 1.0E-5
482 5.0E-6
483 1.3333333333333333E-5
484 1.1666666666666666E-5
485 1.0E-5
486 1.0E-5
487 1.6666666666666667E-5
488 5.0E-6
489 8.333333333333334E-6
490 1.0E-5
491 1.0E-5
492 8.333333333333334E-6
493 1.0E-5
494 1.3333333333333333E-5
495 8.333333333333334E-6
496 6.666666666666667E-6
497 5.0E-6
498 1.1666666666666666E-5
499 3.3333333333333333E-6
500 8.333333333333334E-6
501 1.1666666666666666E-5
502 1.3333333333333333E-5
503 6.666666666666667E-6
504 1.3333333333333333E-5
505 1.5E-5
506 6.666666666666667E-6
507 1.0E-5
508 3.3333333333333333E-6
509 1.0E-5
510 6.666666666666667E-6
511 3.3333333333333333E-6
512 1.3333333333333333E-5
513 1.0E-5
514 8.333333333333334E-6
515 1.3333333333333333E-5
516 1.6666666666666667E-5
517 1.0E-5
518 5.0E-6
519 6.666666666666667E-6
520 3.3333333333333333E-6
521 1.6666666666666667E-6
522 8.333333333333334E-6
523 3.3333333333333333E-6
524 1.1666666666666666E-5
525 3.3333333333333333E-6
526 5.0E-6
527 3.3333333333333333E-6
528 6.666666666666667E-6
529 8.333333333333334E-6
530 8.333333333333334E-6
531 6.666666666666667E-6
532 3.3333333333333333E-6
533 6.666666666666667E-6
534 6.666666666666667E-6
535 1.3333333333333333E-5
536 3.3333333333333333E-6
537 8.333333333333334E-6
538 1.0E-5
539 3.3333333333333333E-6
540 8.333333333333334E-6
541 1.0E-5
542 3.3333333333333333E-6
543 8.333333333333334E-6
544 5.0E-6
545 5.0E-6
546 5.0E-6
547 5.0E-6
548 1.3333333333333333E-5
549 5.0E-6
550 6.666666666666667E-6
551 1.0E-5
552 5.0E-6
553 1.0E-5
554 8.333333333333334E-6
555 5.0E-6
556 8.333333333333334E-6
557 3.3333333333333333E-6
558 1.0E-5
560 3.3333333333333333E-6
561 5.0E-6
562 3.3333333333333333E-6
563 6.666666666666667E-6
564 6.666666666666667E-6
566 1.1666666666666666E-5
567 6.666666666666667E-6
568 1.6666666666666667E-6
569 6.666666666666667E-6
570 3.3333333333333333E-6
571 6.666666666666667E-6
572 1.6666666666666667E-6
573 1.6666666666666667E-6
574 1.1666666666666666E-5
575 3.3333333333333333E-6
576 3.3333333333333333E-6
579 3.3333333333333333E-6
580 1.6666666666666667E-6
581 1.6666666666666667E-6
582 6.666666666666667E-6
583 1.6666666666666667E-6
584 3.3333333333333333E-6
585 1.6666666666666667E-6
586 5.0E-6
587 1.6666666666666667E-6
588 5.0E-6
589 3.3333333333333333E-6
591 1.6666666666666667E-6
592 3.3333333333333333E-6
593 3.3333333333333333E-6
594 1.6666666666666667E-6
596 1.6666666666666667E-6
597 1.6666666666666667E-6
598 5.0E-6
599 1.6666666666666667E-6
601 1.6666666666666667E-6
602 1.6666666666666667E-6
606 1.6666666666666667E-6
607 6.666666666666667E-6
608 5.0E-6
609 1.6666666666666667E-6
611 1.6666666666666667E-6
613 1.6666666666666667E-6
614 1.6666666666666667E-6
615 5.0E-6
616 3.3333333333333333E-6
617 3.3333333333333333E-6
621 3.3333333333333333E-6
622 1.6666666666666667E-6
623 3.3333333333333333E-6
624 3.3333333333333333E-6
625 5.0E-6
627 8.333333333333334E-6
628 3.3333333333333333E-6
629 1.6666666666666667E-6
630 1.6666666666666667E-6
632 1.6666666666666667E-6
633 3.3333333333333333E-6
636 1.6666666666666667E-6
637 3.3333333333333333E-6
639 1.6666666666666667E-6
640 1.6666666666666667E-6
643 1.6666666666666667E-6
647 3.3333333333333333E-6
649 1.6666666666666667E-6
650 3.3333333333333333E-6
652 1.6666666666666667E-6
655 1.6666666666666667E-6
657 3.3333333333333333E-6
664 1.6666666666666667E-6
666 1.6666666666666667E-6
673 1.6666666666666667E-6
676 1.6666666666666667E-6
678 1.6666666666666667E-6
680 1.6666666666666667E-6
687 1.6666666666666667E-6