4.0
2.383008395667279
10 0.16681285714285715
11 0.12840714285714286
12 0.10030428571428572
13 0.08068857142857143
14 0.06533571428571429
15 0.05353714285714286
16 0.04464142857142857
17 0.037918571428571426
18 0.03249571428571429
19 0.027517142857142858
20 0.02406142857142857
21 0.02063
22 0.018228571428571427
23 0.016114285714285713
24 0.014015714285714286
25 0.012451428571428572
26 0.011265714285714285
27 0.010221428571428572
28 0.008712857142857144
29 0.008162857142857144
30 0.0072557142857142855
31 0.006858571428571428
32 0.0060857142857142854
33 0.005515714285714286
34 0.0052785714285714285
35 0.0047828571428571425
36 0.004427142857142857
37 0.0041028571428571425
38 0.0037014285714285712
39 0.0033042857142857145
40 0.0032157142857142857
41 0.002912857142857143
42 0.0027185714285714287
43 0.0024914285714285715
44 0.0024857142857142855
45 0.0023457142857142856
46 0.0020728571428571428
47 0.001955714285714286
48 0.00183
49 0.0017757142857142856
50 0.0017014285714285714
51 0.0016014285714285714
52 0.0014771428571428572
53 0.0013885714285714285
54 0.0013414285714285713
55 0.0012757142857142856
56 0.0011271428571428572
57 0.0010671428571428572
58 0.0010728571428571428
59 0.0010314285714285714
60 9.571428571428571E-4
61 9.042857142857142E-4
62 8.4E-4
63 8.514285714285714E-4
64 7.857142857142857E-4
65 7.757142857142857E-4
66 7.842857142857143E-4
67 7.2E-4
68 6.614285714285714E-4
69 6.528571428571429E-4
70 6.128571428571429E-4
71 5.771428571428571E-4
72 5.542857142857143E-4
73 5.828571428571429E-4
74 4.842857142857143E-4
75 5.242857142857143E-4
76 5.371428571428571E-4
77 4.7714285714285713E-4
78 5.014285714285714E-4
79 3.9142857142857143E-4
80 3.728571428571429E-4
81 4.0857142857142855E-4
82 4.0714285714285717E-4
83 3.7714285714285714E-4
84 3.8285714285714285E-4
85 3.4571428571428573E-4
86 3.1142857142857144E-4
87 3.2E-4
88 3.3142857142857144E-4
89 3.3428571428571426E-4
90 2.9E-4
91 2.871428571428571E-4
92 3.042857142857143E-4
93 2.728571428571429E-4
94 2.5714285714285715E-4
95 2.4571428571428574E-4
96 2.3285714285714286E-4
97 2.0285714285714286E-4
98 2.1714285714285715E-4
99 2.1428571428571427E-4
100 2.0142857142857142E-4
101 2.0571428571428572E-4
102 1.9857142857142857E-4
103 2.1714285714285715E-4
104 1.9285714285714286E-4
105 1.9142857142857142E-4
106 1.8428571428571428E-4
107 1.6571428571428572E-4
108 1.6285714285714287E-4
109 1.7428571428571428E-4
110 1.6428571428571428E-4
111 1.2857142857142858E-4
112 1.5E-4
113 1.2857142857142858E-4
114 1.7142857142857143E-4
115 1.2857142857142858E-4
116 1.2E-4
117 1.5571428571428572E-4
118 1.2571428571428572E-4
119 1.3285714285714287E-4
120 1.1571428571428571E-4
121 1.3285714285714287E-4
122 1.1714285714285714E-4
123 1.4142857142857143E-4
124 1.1428571428571428E-4
125 1.1142857142857143E-4
126 1.3E-4
127 1.0857142857142858E-4
128 9.857142857142856E-5
129 9.714285714285714E-5
130 9.571428571428571E-5
131 9.714285714285714E-5
132 9.0E-5
133 9.0E-5
134 1.3571428571428572E-4
135 9.857142857142856E-5
136 9.142857142857143E-5
137 7.428571428571429E-5
138 9.428571428571429E-5
139 9.0E-5
140 7.142857142857143E-5
141 5.428571428571429E-5
142 7.428571428571429E-5
143 6.571428571428571E-5
144 7.428571428571429E-5
145 6.571428571428571E-5
146 5.428571428571429E-5
147 6.0E-5
148 5.2857142857142855E-5
149 7.571428571428571E-5
150 5.857142857142857E-5
151 7.285714285714286E-5
152 5.714285714285714E-5
153 6.285714285714286E-5
154 7.142857142857143E-5
155 5.2857142857142855E-5
156 4.5714285714285716E-5
157 4.2857142857142856E-5
158 4.714285714285714E-5
159 5.0E-5
160 5.5714285714285715E-5
161 5.0E-5
162 5.142857142857143E-5
163 5.428571428571429E-5
164 4.0E-5
165 4.714285714285714E-5
166 3.285714285714286E-5
167 4.142857142857143E-5
168 3.142857142857143E-5
169 4.428571428571428E-5
170 4.714285714285714E-5
171 3.4285714285714284E-5
172 5.142857142857143E-5
173 3.285714285714286E-5
174 5.0E-5
175 4.2857142857142856E-5
176 4.428571428571428E-5
177 4.142857142857143E-5
178 2.7142857142857144E-5
179 4.0E-5
180 5.428571428571429E-5
181 3.857142857142857E-5
182 3.857142857142857E-5
183 3.285714285714286E-5
184 2.7142857142857144E-5
185 3.142857142857143E-5
186 5.857142857142857E-5
187 2.4285714285714285E-5
188 2.4285714285714285E-5
189 2.5714285714285714E-5
190 2.857142857142857E-5
191 1.8571428571428572E-5
192 4.2857142857142856E-5
193 2.7142857142857144E-5
194 2.1428571428571428E-5
195 3.4285714285714284E-5
196 3.4285714285714284E-5
197 3.0E-5
198 3.142857142857143E-5
199 1.8571428571428572E-5
200 3.7142857142857143E-5
201 2.7142857142857144E-5
202 3.142857142857143E-5
203 4.142857142857143E-5
204 1.5714285714285715E-5
205 3.285714285714286E-5
206 2.5714285714285714E-5
207 1.4285714285714285E-5
208 5.7142857142857145E-6
209 1.7142857142857142E-5
210 3.4285714285714284E-5
211 1.5714285714285715E-5
212 1.0E-5
213 2.5714285714285714E-5
214 1.8571428571428572E-5
215 1.7142857142857142E-5
216 2.0E-5
217 2.857142857142857E-5
218 2.1428571428571428E-5
219 1.8571428571428572E-5
220 1.7142857142857142E-5
221 2.2857142857142858E-5
222 2.2857142857142858E-5
223 1.5714285714285715E-5
224 1.8571428571428572E-5
225 1.8571428571428572E-5
226 1.4285714285714285E-5
227 1.5714285714285715E-5
228 5.7142857142857145E-6
229 1.8571428571428572E-5
230 8.571428571428571E-6
231 1.4285714285714285E-5
232 1.5714285714285715E-5
233 8.571428571428571E-6
234 1.0E-5
235 1.2857142857142857E-5
236 7.142857142857143E-6
237 1.8571428571428572E-5
238 1.7142857142857142E-5
239 1.1428571428571429E-5
240 1.1428571428571429E-5
241 1.8571428571428572E-5
242 1.0E-5
243 8.571428571428571E-6
244 1.5714285714285715E-5
245 1.2857142857142857E-5
246 1.2857142857142857E-5
247 7.142857142857143E-6
248 2.0E-5
249 1.7142857142857142E-5
250 1.4285714285714285E-5
251 1.1428571428571429E-5
252 1.4285714285714285E-5
253 8.571428571428571E-6
254 1.2857142857142857E-5
255 1.4285714285714285E-5
256 1.2857142857142857E-5
257 7.142857142857143E-6
258 7.142857142857143E-6
259 8.571428571428571E-6
260 8.571428571428571E-6
261 2.8571428571428573E-6
262 1.0E-5
263 1.1428571428571429E-5
264 7.142857142857143E-6
265 8.571428571428571E-6
266 1.1428571428571429E-5
267 7.142857142857143E-6
268 8.571428571428571E-6
269 1.4285714285714286E-6
270 1.1428571428571429E-5
271 4.2857142857142855E-6
272 8.571428571428571E-6
273 5.7142857142857145E-6
274 1.4285714285714285E-5
275 7.142857142857143E-6
276 4.2857142857142855E-6
277 4.2857142857142855E-6
278 5.7142857142857145E-6
279 1.1428571428571429E-5
280 7.142857142857143E-6
281 2.8571428571428573E-6
282 8.571428571428571E-6
283 4.2857142857142855E-6
284 7.142857142857143E-6
285 7.142857142857143E-6
286 5.7142857142857145E-6
287 7.142857142857143E-6
288 8.571428571428571E-6
289 4.2857142857142855E-6
290 5.7142857142857145E-6
291 1.4285714285714286E-6
292 5.7142857142857145E-6
293 2.8571428571428573E-6
294 1.4285714285714286E-6
295 2.8571428571428573E-6
296 2.8571428571428573E-6
297 4.2857142857142855E-6
298 1.4285714285714286E-6
299 5.7142857142857145E-6
300 4.2857142857142855E-6
301 2.8571428571428573E-6
302 2.8571428571428573E-6
303 5.7142857142857145E-6
304 5.7142857142857145E-6
305 4.2857142857142855E-6
306 1.0E-5
307 1.4285714285714286E-6
308 1.4285714285714286E-6
309 2.8571428571428573E-6
310 2.8571428571428573E-6
311 1.4285714285714286E-6
312 2.8571428571428573E-6
313 2.8571428571428573E-6
315 1.4285714285714286E-6
316 2.8571428571428573E-6
317 4.2857142857142855E-6
318 1.4285714285714286E-6
319 4.2857142857142855E-6
320 4.2857142857142855E-6
322 1.4285714285714286E-6
323 4.2857142857142855E-6
324 1.4285714285714286E-6
326 2.8571428571428573E-6
327 2.8571428571428573E-6
328 2.8571428571428573E-6
330 1.4285714285714286E-6
331 2.8571428571428573E-6
332 1.4285714285714286E-6
333 1.4285714285714286E-6
334 1.4285714285714286E-6
335 5.7142857142857145E-6
336 8.571428571428571E-6
337 2.8571428571428573E-6
338 5.7142857142857145E-6
339 1.4285714285714286E-6
341 1.4285714285714286E-6
342 1.4285714285714286E-6
343 1.4285714285714286E-6
344 2.8571428571428573E-6
345 4.2857142857142855E-6
346 2.8571428571428573E-6
347 1.4285714285714286E-6
349 1.4285714285714286E-6
350 4.2857142857142855E-6
351 2.8571428571428573E-6
352 5.7142857142857145E-6
355 1.4285714285714286E-6
356 2.8571428571428573E-6
357 1.4285714285714286E-6
358 1.4285714285714286E-6
359 4.2857142857142855E-6
362 7.142857142857143E-6
363 2.8571428571428573E-6
365 2.8571428571428573E-6
366 1.4285714285714286E-6
368 2.8571428571428573E-6
369 1.4285714285714286E-6
370 1.4285714285714286E-6
373 2.8571428571428573E-6
375 1.4285714285714286E-6
376 4.2857142857142855E-6
377 1.4285714285714286E-6
378 4.2857142857142855E-6
380 2.8571428571428573E-6
381 4.2857142857142855E-6
382 1.4285714285714286E-6
383 1.4285714285714286E-6
384 1.4285714285714286E-6
385 4.2857142857142855E-6
386 4.2857142857142855E-6
387 1.4285714285714286E-6
388 1.4285714285714286E-6
389 4.2857142857142855E-6
390 1.4285714285714286E-6
391 2.8571428571428573E-6
392 5.7142857142857145E-6
393 2.8571428571428573E-6
395 1.4285714285714286E-6
396 2.8571428571428573E-6
397 2.8571428571428573E-6
398 1.4285714285714286E-6
400 5.7142857142857145E-6
401 4.2857142857142855E-6
402 2.8571428571428573E-6
403 2.8571428571428573E-6
404 5.7142857142857145E-6
405 1.4285714285714286E-6
406 4.2857142857142855E-6
407 1.4285714285714286E-6
408 4.2857142857142855E-6
409 4.2857142857142855E-6
411 1.4285714285714286E-6
412 8.571428571428571E-6
413 7.142857142857143E-6
414 1.4285714285714286E-6
415 1.4285714285714286E-6
416 4.2857142857142855E-6
417 2.8571428571428573E-6
418 2.8571428571428573E-6
419 4.2857142857142855E-6
420 4.2857142857142855E-6
421 7.142857142857143E-6
422 5.7142857142857145E-6
423 4.2857142857142855E-6
424 2.8571428571428573E-6
425 8.571428571428571E-6
426 4.2857142857142855E-6
427 5.7142857142857145E-6
428 4.2857142857142855E-6
429 4.2857142857142855E-6
431 7.142857142857143E-6
432 4.2857142857142855E-6
433 4.2857142857142855E-6
434 1.4285714285714286E-6
435 1.4285714285714286E-6
436 7.142857142857143E-6
437 4.2857142857142855E-6
438 1.4285714285714286E-6
439 4.2857142857142855E-6
440 2.8571428571428573E-6
441 1.4285714285714286E-6
442 2.8571428571428573E-6
443 4.2857142857142855E-6
444 5.7142857142857145E-6
446 2.8571428571428573E-6
448 8.571428571428571E-6
449 5.7142857142857145E-6
450 1.2857142857142857E-5
451 4.2857142857142855E-6
452 2.8571428571428573E-6
453 8.571428571428571E-6
454 1.0E-5
455 1.4285714285714286E-6
456 4.2857142857142855E-6
457 1.1428571428571429E-5
458 8.571428571428571E-6
459 2.8571428571428573E-6
460 1.4285714285714286E-6
461 4.2857142857142855E-6
462 4.2857142857142855E-6
463 4.2857142857142855E-6
464 5.7142857142857145E-6
465 8.571428571428571E-6
466 4.2857142857142855E-6
467 2.8571428571428573E-6
468 5.7142857142857145E-6
469 5.7142857142857145E-6
470 1.0E-5
471 7.142857142857143E-6
472 1.4285714285714286E-6
473 4.2857142857142855E-6
474 2.8571428571428573E-6
475 5.7142857142857145E-6
476 1.4285714285714286E-6
477 8.571428571428571E-6
478 2.8571428571428573E-6
479 4.2857142857142855E-6
480 2.8571428571428573E-6
481 4.2857142857142855E-6
482 1.0E-5
483 1.0E-5
484 2.8571428571428573E-6
485 1.2857142857142857E-5
486 7.142857142857143E-6
487 1.1428571428571429E-5
488 7.142857142857143E-6
489 2.8571428571428573E-6
490 7.142857142857143E-6
491 1.4285714285714286E-6
492 7.142857142857143E-6
493 5.7142857142857145E-6
494 5.7142857142857145E-6
495 8.571428571428571E-6
496 5.7142857142857145E-6
497 5.7142857142857145E-6
498 5.7142857142857145E-6
499 1.4285714285714286E-6
500 5.7142857142857145E-6
501 8.571428571428571E-6
502 8.571428571428571E-6
503 8.571428571428571E-6
504 4.2857142857142855E-6
505 1.0E-5
506 1.1428571428571429E-5
507 1.1428571428571429E-5
508 1.0E-5
509 5.7142857142857145E-6
510 7.142857142857143E-6
511 8.571428571428571E-6
512 1.0E-5
513 8.571428571428571E-6
514 4.2857142857142855E-6
515 5.7142857142857145E-6
516 2.8571428571428573E-6
517 4.2857142857142855E-6
518 8.571428571428571E-6
519 8.571428571428571E-6
520 8.571428571428571E-6
521 7.142857142857143E-6
522 7.142857142857143E-6
523 1.4285714285714285E-5
524 7.142857142857143E-6
525 1.2857142857142857E-5
526 5.7142857142857145E-6
527 4.2857142857142855E-6
528 1.0E-5
529 8.571428571428571E-6
530 4.2857142857142855E-6
531 5.7142857142857145E-6
532 8.571428571428571E-6
533 5.7142857142857145E-6
534 7.142857142857143E-6
535 1.1428571428571429E-5
536 7.142857142857143E-6
537 1.7142857142857142E-5
538 4.2857142857142855E-6
539 5.7142857142857145E-6
540 1.0E-5
541 2.8571428571428573E-6
542 4.2857142857142855E-6
543 8.571428571428571E-6
544 4.2857142857142855E-6
545 7.142857142857143E-6
546 8.571428571428571E-6
547 1.0E-5
548 4.2857142857142855E-6
549 5.7142857142857145E-6
550 7.142857142857143E-6
551 1.1428571428571429E-5
552 1.0E-5
553 5.7142857142857145E-6
554 5.7142857142857145E-6
555 5.7142857142857145E-6
556 1.0E-5
557 4.2857142857142855E-6
558 4.2857142857142855E-6
559 8.571428571428571E-6
560 1.4285714285714286E-6
561 7.142857142857143E-6
562 7.142857142857143E-6
563 1.4285714285714286E-6
564 8.571428571428571E-6
565 4.2857142857142855E-6
566 2.8571428571428573E-6
567 4.2857142857142855E-6
568 7.142857142857143E-6
569 5.7142857142857145E-6
570 5.7142857142857145E-6
571 5.7142857142857145E-6
572 2.8571428571428573E-6
573 1.4285714285714286E-6
574 2.8571428571428573E-6
575 1.0E-5
576 2.8571428571428573E-6
577 5.7142857142857145E-6
578 4.2857142857142855E-6
579 5.7142857142857145E-6
580 4.2857142857142855E-6
581 5.7142857142857145E-6
582 4.2857142857142855E-6
583 5.7142857142857145E-6
584 1.1428571428571429E-5
585 4.2857142857142855E-6
586 1.4285714285714286E-6
587 5.7142857142857145E-6
588 7.142857142857143E-6
589 7.142857142857143E-6
590 4.2857142857142855E-6
591 4.2857142857142855E-6
592 7.142857142857143E-6
593 2.8571428571428573E-6
594 4.2857142857142855E-6
595 5.7142857142857145E-6
596 2.8571428571428573E-6
597 4.2857142857142855E-6
598 8.571428571428571E-6
599 5.7142857142857145E-6
600 1.4285714285714286E-6
602 7.142857142857143E-6
603 2.8571428571428573E-6
604 4.2857142857142855E-6
605 2.8571428571428573E-6
606 2.8571428571428573E-6
607 1.4285714285714286E-6
608 5.7142857142857145E-6
609 5.7142857142857145E-6
611 1.4285714285714286E-6
613 2.8571428571428573E-6
614 2.8571428571428573E-6
615 2.8571428571428573E-6
616 7.142857142857143E-6
617 4.2857142857142855E-6
618 5.7142857142857145E-6
619 2.8571428571428573E-6
620 4.2857142857142855E-6
621 2.8571428571428573E-6
622 1.4285714285714286E-6
623 4.2857142857142855E-6
624 2.8571428571428573E-6
625 1.4285714285714286E-6
626 4.2857142857142855E-6
627 5.7142857142857145E-6
629 1.4285714285714286E-6
630 4.2857142857142855E-6
631 2.8571428571428573E-6
632 5.7142857142857145E-6
634 4.2857142857142855E-6
635 4.2857142857142855E-6
636 1.4285714285714286E-6
637 1.4285714285714286E-6
640 1.4285714285714286E-6
641 1.4285714285714286E-6
642 1.4285714285714286E-6
643 2.8571428571428573E-6
644 1.4285714285714286E-6
646 1.4285714285714286E-6
647 1.4285714285714286E-6
650 1.4285714285714286E-6
652 2.8571428571428573E-6
653 2.8571428571428573E-6
657 7.142857142857143E-6
658 1.4285714285714286E-6
659 4.2857142857142855E-6
660 1.4285714285714286E-6
661 1.4285714285714286E-6
663 1.4285714285714286E-6
664 2.8571428571428573E-6
666 1.4285714285714286E-6
671 1.4285714285714286E-6
675 1.4285714285714286E-6
676 1.4285714285714286E-6
677 1.4285714285714286E-6
678 1.4285714285714286E-6
683 2.8571428571428573E-6
684 2.8571428571428573E-6
685 1.4285714285714286E-6
686 1.4285714285714286E-6
687 2.8571428571428573E-6
690 1.4285714285714286E-6
691 1.4285714285714286E-6
693 1.4285714285714286E-6
694 2.8571428571428573E-6
695 2.8571428571428573E-6
700 4.2857142857142855E-6
703 1.4285714285714286E-6
706 1.4285714285714286E-6
713 2.8571428571428573E-6
718 1.4285714285714286E-6
721 2.8571428571428573E-6
728 1.4285714285714286E-6
730 1.4285714285714286E-6
735 1.4285714285714286E-6
745 1.4285714285714286E-6
746 1.4285714285714286E-6
757 2.8571428571428573E-6
767 1.4285714285714286E-6
769 1.4285714285714286E-6
810 1.4285714285714286E-6
