4.0
2.420315137672092
10 0.1665025
11 0.12844875
12 0.10108375
13 0.08068125
14 0.06517625
15 0.0536175
16 0.0449175
17 0.0381325
18 0.03204875
19 0.02765
20 0.02385625
21 0.02065
22 0.01837
23 0.0159725
24 0.01412625
25 0.01237375
26 0.01122125
27 0.0100975
28 0.00889375
29 0.00803
30 0.00728625
31 0.00649625
32 0.00596875
33 0.0056925
34 0.00521375
35 0.00468125
36 0.0042675
37 0.00392125
38 0.0037525
39 0.003305
40 0.0032875
41 0.00305125
42 0.00280125
43 0.00266125
44 0.0024
45 0.00221125
46 0.00216
47 0.00197625
48 0.00188875
49 0.0017825
50 0.00168125
51 0.0015325
52 0.001525
53 0.00143875
54 0.00124625
55 0.00124625
56 0.00126
57 0.0011125
58 0.00109125
59 9.9375E-4
60 9.5125E-4
61 9.4375E-4
62 9.0E-4
63 8.1875E-4
64 8.3375E-4
65 7.2875E-4
66 6.825E-4
67 7.2875E-4
68 6.675E-4
69 6.275E-4
70 6.85E-4
71 5.675E-4
72 5.8E-4
73 5.3875E-4
74 5.425E-4
75 5.5E-4
76 4.9E-4
77 4.3875E-4
78 4.7E-4
79 4.625E-4
80 4.15E-4
81 3.8375E-4
82 4.175E-4
83 3.7375E-4
84 3.725E-4
85 3.3625E-4
86 3.325E-4
87 2.9625E-4
88 3.1625E-4
89 2.9375E-4
90 2.9875E-4
91 2.8E-4
92 2.7875E-4
93 2.7E-4
94 2.675E-4
95 2.3E-4
96 2.3125E-4
97 2.1125E-4
98 2.3E-4
99 2.075E-4
100 2.125E-4
101 2.3875E-4
102 2.175E-4
103 2.1E-4
104 1.7125E-4
105 1.975E-4
106 1.975E-4
107 1.575E-4
108 1.75E-4
109 1.575E-4
110 1.4625E-4
111 1.4625E-4
112 1.4625E-4
113 1.5625E-4
114 1.4E-4
115 1.3375E-4
116 1.35E-4
117 1.25E-4
118 1.0625E-4
119 1.4E-4
120 1.1E-4
121 1.2875E-4
122 1.1875E-4
123 1.2E-4
124 1.1375E-4
125 9.375E-5
126 9.875E-5
127 1.025E-4
128 9.375E-5
129 1.0125E-4
130 1.1125E-4
131 9.5E-5
132 9.375E-5
133 8.5E-5
134 1.1E-4
135 1.0E-4
136 7.125E-5
137 8.25E-5
138 6.625E-5
139 8.5E-5
140 8.25E-5
141 8.75E-5
142 6.625E-5
143 6.875E-5
144 7.375E-5
145 8.0E-5
146 7.25E-5
147 7.25E-5
148 7.25E-5
149 5.875E-5
150 7.125E-5
151 7.0E-5
152 5.875E-5
153 5.625E-5
154 6.25E-5
155 5.75E-5
156 6.5E-5
157 5.875E-5
158 4.75E-5
159 5.875E-5
160 5.875E-5
161 4.5E-5
162 6.125E-5
163 4.75E-5
164 4.25E-5
165 5.25E-5
166 4.875E-5
167 2.625E-5
168 5.125E-5
169 4.25E-5
170 4.0E-5
171 4.875E-5
172 4.0E-5
173 3.875E-5
174 4.375E-5
175 4.625E-5
176 4.375E-5
177 3.875E-5
178 2.125E-5
179 2.875E-5
180 3.5E-5
181 3.375E-5
182 3.375E-5
183 3.375E-5
184 3.25E-5
185 2.75E-5
186 2.875E-5
187 3.375E-5
188 2.0E-5
189 4.0E-5
190 3.625E-5
191 3.125E-5
192 3.75E-5
193 2.75E-5
194 2.75E-5
195 2.875E-5
196 2.75E-5
197 3.0E-5
198 3.125E-5
199 2.0E-5
200 2.625E-5
201 2.25E-5
202 2.25E-5
203 3.125E-5
204 2.125E-5
205 3.125E-5
206 2.75E-5
207 2.25E-5
208 3.0E-5
209 1.875E-5
210 1.75E-5
211 1.875E-5
212 2.5E-5
213 2.5E-5
214 2.5E-5
215 2.125E-5
216 3.0E-5
217 2.0E-5
218 1.25E-5
219 1.75E-5
220 2.5E-5
221 1.875E-5
222 2.375E-5
223 1.875E-5
224 2.125E-5
225 2.375E-5
226 1.25E-5
227 1.375E-5
228 2.5E-5
229 1.25E-5
230 1.625E-5
231 1.5E-5
232 1.5E-5
233 1.25E-5
234 1.5E-5
235 1.625E-5
236 2.125E-5
237 2.0E-5
238 1.375E-5
239 2.0E-5
240 1.125E-5
241 1.875E-5
242 1.0E-5
243 1.625E-5
244 1.375E-5
245 1.625E-5
246 1.25E-5
247 6.25E-6
248 6.25E-6
249 1.625E-5
250 2.0E-5
251 1.625E-5
252 1.375E-5
253 8.75E-6
254 7.5E-6
255 5.0E-6
256 8.75E-6
257 1.0E-5
258 1.25E-5
259 6.25E-6
260 7.5E-6
261 1.125E-5
262 1.75E-5
263 6.25E-6
264 1.125E-5
265 1.0E-5
266 8.75E-6
267 5.0E-6
268 1.375E-5
269 6.25E-6
270 8.75E-6
271 7.5E-6
272 1.0E-5
273 5.0E-6
274 7.5E-6
275 1.25E-5
276 3.75E-6
277 6.25E-6
278 1.0E-5
279 1.125E-5
280 6.25E-6
281 5.0E-6
282 3.75E-6
283 6.25E-6
284 7.5E-6
285 5.0E-6
286 1.0E-5
287 1.25E-6
288 3.75E-6
289 6.25E-6
290 2.5E-6
291 6.25E-6
292 7.5E-6
293 5.0E-6
294 7.5E-6
295 2.5E-6
296 2.5E-6
297 6.25E-6
298 5.0E-6
299 3.75E-6
300 5.0E-6
301 2.5E-6
302 3.75E-6
303 1.25E-6
304 1.375E-5
305 6.25E-6
306 6.25E-6
307 1.0E-5
308 7.5E-6
309 8.75E-6
310 1.25E-6
311 3.75E-6
312 2.5E-6
313 3.75E-6
314 6.25E-6
315 2.5E-6
316 3.75E-6
317 2.5E-6
318 5.0E-6
319 3.75E-6
320 5.0E-6
321 3.75E-6
322 2.5E-6
323 5.0E-6
324 1.25E-6
325 3.75E-6
326 1.25E-6
327 2.5E-6
328 1.25E-6
329 1.25E-6
330 5.0E-6
331 5.0E-6
332 3.75E-6
333 1.25E-6
334 2.5E-6
335 3.75E-6
337 6.25E-6
338 1.25E-6
339 5.0E-6
340 2.5E-6
341 3.75E-6
342 5.0E-6
343 5.0E-6
344 3.75E-6
345 1.25E-6
346 2.5E-6
349 2.5E-6
350 2.5E-6
351 1.25E-6
352 1.25E-6
353 1.25E-6
354 2.5E-6
355 2.5E-6
356 2.5E-6
358 2.5E-6
359 2.5E-6
360 1.25E-6
361 5.0E-6
363 5.0E-6
364 2.5E-6
365 1.25E-6
367 1.25E-6
370 1.25E-6
371 2.5E-6
372 2.5E-6
373 3.75E-6
374 5.0E-6
375 2.5E-6
378 1.25E-6
380 1.25E-6
382 2.5E-6
383 2.5E-6
384 1.25E-6
386 5.0E-6
387 1.25E-6
390 1.25E-6
391 5.0E-6
394 3.75E-6
395 1.25E-6
396 1.25E-6
397 1.25E-6
401 2.5E-6
402 1.25E-6
405 2.5E-6
408 1.25E-6
410 1.25E-6
411 5.0E-6
417 3.75E-6
418 2.5E-6
420 2.5E-6
421 3.75E-6
423 2.5E-6
424 1.25E-6
425 2.5E-6
426 3.75E-6
427 2.5E-6
428 3.75E-6
429 5.0E-6
430 2.5E-6
431 3.75E-6
432 2.5E-6
433 1.25E-6
434 5.0E-6
436 1.25E-6
437 1.25E-6
439 3.75E-6
440 2.5E-6
441 3.75E-6
442 3.75E-6
443 5.0E-6
444 5.0E-6
445 2.5E-6
446 7.5E-6
448 2.5E-6
449 3.75E-6
450 3.75E-6
451 1.25E-6
452 2.5E-6
453 1.25E-6
455 1.25E-6
457 7.5E-6
458 7.5E-6
459 2.5E-6
461 3.75E-6
462 2.5E-6
463 1.25E-6
464 7.5E-6
465 2.5E-6
466 5.0E-6
467 3.75E-6
468 3.75E-6
470 3.75E-6
471 6.25E-6
473 5.0E-6
474 2.5E-6
475 2.5E-6
476 3.75E-6
477 7.5E-6
478 5.0E-6
479 3.75E-6
480 1.25E-6
481 3.75E-6
482 5.0E-6
484 2.5E-6
485 3.75E-6
486 6.25E-6
487 5.0E-6
488 7.5E-6
489 1.25E-6
490 3.75E-6
491 6.25E-6
492 5.0E-6
493 6.25E-6
494 3.75E-6
495 1.25E-5
496 8.75E-6
497 3.75E-6
498 1.25E-6
499 3.75E-6
500 5.0E-6
501 3.75E-6
502 8.75E-6
503 3.75E-6
504 2.5E-6
505 1.0E-5
506 1.0E-5
507 3.75E-6
508 5.0E-6
509 6.25E-6
510 1.0E-5
511 5.0E-6
512 3.75E-6
513 5.0E-6
514 5.0E-6
515 7.5E-6
516 6.25E-6
517 5.0E-6
518 2.5E-6
519 8.75E-6
520 2.5E-6
521 6.25E-6
522 7.5E-6
523 1.25E-6
524 6.25E-6
525 8.75E-6
526 3.75E-6
527 8.75E-6
528 5.0E-6
529 3.75E-6
530 5.0E-6
531 5.0E-6
532 2.5E-6
533 5.0E-6
534 7.5E-6
535 7.5E-6
536 5.0E-6
537 5.0E-6
538 5.0E-6
539 2.5E-6
540 2.5E-6
541 1.375E-5
542 2.5E-6
543 2.5E-6
544 6.25E-6
545 3.75E-6
546 5.0E-6
547 3.75E-6
548 3.75E-6
549 5.0E-6
550 8.75E-6
551 6.25E-6
552 5.0E-6
553 3.75E-6
554 8.75E-6
555 5.0E-6
556 7.5E-6
557 8.75E-6
558 5.0E-6
559 7.5E-6
560 3.75E-6
561 5.0E-6
562 8.75E-6
563 2.5E-6
564 3.75E-6
565 8.75E-6
566 8.75E-6
567 3.75E-6
568 6.25E-6
569 5.0E-6
570 1.125E-5
571 3.75E-6
572 8.75E-6
573 3.75E-6
574 2.5E-6
575 2.5E-6
576 6.25E-6
577 5.0E-6
578 5.0E-6
579 3.75E-6
580 3.75E-6
581 2.5E-6
582 6.25E-6
583 2.5E-6
584 1.25E-6
585 7.5E-6
586 1.125E-5
587 2.5E-6
588 6.25E-6
589 7.5E-6
590 1.25E-6
591 8.75E-6
592 5.0E-6
593 5.0E-6
594 7.5E-6
595 1.25E-6
596 3.75E-6
597 3.75E-6
598 5.0E-6
599 5.0E-6
600 8.75E-6
601 3.75E-6
602 6.25E-6
603 5.0E-6
604 6.25E-6
605 1.0E-5
606 3.75E-6
607 1.125E-5
608 8.75E-6
609 3.75E-6
610 2.5E-6
611 6.25E-6
612 2.5E-6
613 6.25E-6
614 5.0E-6
615 7.5E-6
616 6.25E-6
617 2.5E-6
618 3.75E-6
619 3.75E-6
620 5.0E-6
621 3.75E-6
622 5.0E-6
623 2.5E-6
624 2.5E-6
625 2.5E-6
626 3.75E-6
627 6.25E-6
628 5.0E-6
629 3.75E-6
630 5.0E-6
632 3.75E-6
633 5.0E-6
634 6.25E-6
635 5.0E-6
636 3.75E-6
637 2.5E-6
638 5.0E-6
639 6.25E-6
640 3.75E-6
641 2.5E-6
643 2.5E-6
644 6.25E-6
645 2.5E-6
646 3.75E-6
647 2.5E-6
648 1.25E-6
649 3.75E-6
650 1.25E-6
653 1.25E-6
654 1.25E-6
655 2.5E-6
656 2.5E-6
657 1.25E-6
658 2.5E-6
659 1.25E-6
660 1.25E-6
662 2.5E-6
664 2.5E-6
665 6.25E-6
666 2.5E-6
667 2.5E-6
668 5.0E-6
669 1.25E-6
670 2.5E-6
671 5.0E-6
672 3.75E-6
673 2.5E-6
675 5.0E-6
676 3.75E-6
677 2.5E-6
678 1.25E-6
680 2.5E-6
681 1.25E-6
682 2.5E-6
683 3.75E-6
684 5.0E-6
685 1.25E-6
686 2.5E-6
688 1.25E-6
689 3.75E-6
690 1.25E-6
691 1.25E-6
692 1.25E-6
694 2.5E-6
696 1.25E-6
697 1.25E-6
698 2.5E-6
699 6.25E-6
700 1.25E-6
701 2.5E-6
703 1.25E-6
704 2.5E-6
705 3.75E-6
707 3.75E-6
708 3.75E-6
710 1.25E-6
711 3.75E-6
712 1.25E-6
714 1.25E-6
715 3.75E-6
717 1.25E-6
718 1.25E-6
719 1.25E-6
720 2.5E-6
722 1.25E-6
725 1.25E-6
726 1.25E-6
728 1.25E-6
732 2.5E-6
733 1.25E-6
734 1.25E-6
738 1.25E-6
742 1.25E-6
744 1.25E-6
746 1.25E-6
754 1.25E-6
755 1.25E-6
766 1.25E-6
768 1.25E-6
775 1.25E-6
776 1.25E-6
778 1.25E-6
780 1.25E-6
802 1.25E-6
814 1.25E-6
815 1.25E-6
819 1.25E-6
823 1.25E-6
831 1.25E-6
853 1.25E-6
873 1.25E-6